BirdID	CaptureDate	AgeatCapture	Mass	Tarsus	RearingBrood
1212	13.05.2004	11	17	14.5	462
1214	13.05.2004	11	18.6	15.5	462
1226	14.05.2004	11	25.2	19	464
1227	14.05.2004	11	23.8	17	464
1228	14.05.2004	11	25	19.4	464
1259	16.05.2004	11	22.7	17.3	472
1261	16.05.2004	11	19.5	17.5	472
1282	17.05.2004	11	18.1	15	476
1283	17.05.2004	11	15.6	14.8	476
1333	21.05.2004	11	24.5	18.5	489
1338	22.05.2004	11	23.2	18.8	488
1341	22.05.2004	11	21.5	17.5	491
1342	22.05.2004	11	25	18.4	491
1343	22.05.2004	11	25.5	18.2	488
1346	22.05.2004	11	23.6	17.8	490
1347	22.05.2004	11	19.7	17.3	490
1348	22.05.2004	11	16.6	16.6	490
1353	23.05.2004	11	25.2	18.1	496
1354	23.05.2004	11	22.8	16.3	496
1355	23.05.2004	11	22.9	16.5	496
1362	23.05.2004	11	22.8	18.1	494
1363	23.05.2004	11	25.4	18	494
1364	23.05.2004	11	24.8	18	494
1365	23.05.2004	11	14.1	15	493
1366	23.05.2004	11	22.8	17.2	493
1367	23.05.2004	11	20.6	17.5	493
1386	24.05.2004	11	25.5	17.7	497
1387	24.05.2004	11	27.8	18	497
1422	30.05.2004	11	20.5	17.4	510
1434	31.05.2004	11	24	18.4	513
1436	31.05.2004	11	20.6	16.5	513
1437	31.05.2004	11	25.5	18.7	512
1438	31.05.2004	11	24.7	19	512
1439	31.05.2004	11	21.8	19.2	512
1441	02.06.2004	11	25.4	18.3	514
1442	02.06.2004	11	17.3	16.5	514
1443	02.06.2004	11	24	18.3	514
1445	05.06.2004	11	20.8	18.3	516
1446	05.06.2004	11	18.2	17.7	516
1447	05.06.2004	11	21.8	17.2	516
1448	05.06.2004	11	18	18.2	516
1449	06.06.2004	11	20.2	18.9	517
1450	06.06.2004	11	20.7	19.7	517
1451	06.06.2004	11	22.5	18.7	517
1452	06.06.2004	11	24.8	19.3	515
1454	06.06.2004	11	25.5	18.8	515
1455	06.06.2004	11	22.8	18.2	515
1463	07.06.2004	11	27.2	19.6	518
1464	07.06.2004	11	27.5	19.2	518
1475	08.06.2004	11	21.8	16.9	523
1476	08.06.2004	11	22	17.5	523
1477	08.06.2004	11	23	17.9	523
1478	08.06.2004	11	12.2	14.5	523
1480	08.06.2004	11	27	19	522
1483	08.06.2004	11	24.6	19	526
1485	08.06.2004	11	27	18.5	525
1486	08.06.2004	11	30.3	19.5	525
1488	09.06.2004	11	27.8	18.9	524
1489	09.06.2004	11	19.8	16.6	526
1499	10.06.2004	11	26.4	18.4	527
1500	10.06.2004	11	19.6	17	527
1502	10.06.2004	11	19.5	17	527
1503	10.06.2004	11	25	18.3	530
1504	10.06.2004	11	25	18.7	530
1505	10.06.2004	11	25.8	18.3	530
1506	10.06.2004	11	18.5	17	530
1507	10.06.2004	11	21.3	17.5	531
1509	10.06.2004	11	21.9	17	531
1512	11.06.2004	11	22.5	18.5	529
1513	11.06.2004	11	25.8	18.9	529
1514	11.06.2004	11	18.1	16.8	529
1517	11.06.2004	11	20.5	17.8	536
1518	11.06.2004	11	23.7	18.4	536
1519	11.06.2004	11	17.7	17.4	536
1520	11.06.2004	11	14	16.9	536
1528	11.06.2004	11	22	18.5	539
1529	11.06.2004	11	19	17.4	539
1530	11.06.2004	11	19.6	17.6	539
1532	11.06.2004	11	18.8	17	532
1533	11.06.2004	11	18.7	17.1	532
1534	11.06.2004	11	16.8	17	532
1535	11.06.2004	11	14.8	15.9	532
1537	12.06.2004	11	27.1	19.5	543
1539	12.06.2004	11	26.5	17.8	543
1540	12.06.2004	11	25.1	19	543
1541	12.06.2004	11	22.1	17.1	542
1542	12.06.2004	11	22	18.3	542
1543	12.06.2004	11	20.2	17	542
1544	11.06.2004	11	24.4	18	535
1546	11.06.2004	11	22.2	18.4	535
1557	12.06.2004	11	21.2	18.3	538
1558	12.06.2004	11	19.6	17.3	538
1559	12.06.2004	11	18	17.4	538
1561	12.06.2004	11	25.8	19	537
1563	12.06.2004	11	24.4	17.5	537
1566	13.06.2004	11	24.1	18.3	546
1567	13.06.2004	11	24.6	18	545
1568	13.06.2004	11	23.3	18.2	545
1569	13.06.2004	11	24	19	544
1570	13.06.2004	11	22.4	18.7	544
1572	13.06.2004	11	19	18.2	544
1580	17.06.2004	11	18	16.8	549
1586	17.06.2004	11	23.2	18.8	550
1587	17.06.2004	11	22.2	18.8	548
1589	18.06.2004	11	22.2	18.4	549
1590	18.06.2004	11	21.8	18.5	549
1591	18.06.2004	11	19.2	17.5	549
1593	19.06.2004	11	23.9	18.8	553
1598	20.06.2004	11	24	19.4	553
1599	20.06.2004	11	25.5	19.2	553
1601	20.06.2004	11	21.3	17.2	552
1602	20.06.2004	11	21	16.9	552
1616	22.06.2004	11	25.4	19.4	554
1617	22.06.2004	11	25	19.2	554
1620	22.06.2004	11	22	18	555
1622	22.06.2004	11	14.4	16	554
1626	23.06.2004	11	24.2	18	560
1627	23.06.2004	11	23.4	18	560
1637	23.06.2004	11	20	16.5	560
1642	24.06.2004	11	22.2	18.3	565
1643	24.06.2004	11	16	16.5	565
1644	24.06.2004	11	18.9	17.2	565
1646	24.06.2004	11	14.3	16.1	562
1648	24.06.2004	11	21.4	17.5	562
1649	24.06.2004	11	23.8	18.5	562
1666	28.06.2004	11	21.4	17.5	570
1667	28.06.2004	11	23.8	18.5	570
1693	02.07.2004	11	14.4	16.8	576
1694	02.07.2004	11	19	17.7	576
1697	02.07.2004	11	25.3	18.6	574
1698	02.07.2004	11	19.7	17	574
1702	03.07.2004	11	24.2	18.5	578
1703	03.07.2004	11	20.8	18	578
1708	03.07.2004	11	7.6	14	579
1716	04.07.2004	11	22.7	18.6	583
1717	04.07.2004	11	25	19.5	583
1718	04.07.2004	11	22.5	18.6	583
1720	04.07.2004	11	21.4	18.5	582
1721	04.07.2004	11	23.2	18.7	582
1728	04.07.2004	11	19.1	18.5	580
1729	04.07.2004	11	20.6	18	580
1737	07.07.2004	11	23.3	17.8	585
1738	07.07.2004	11	22.6	18.4	585
1739	07.07.2004	11	21	18	585
1747	09.07.2004	11	21	17.5	588
1748	09.07.2004	11	15	16.2	588
1751	09.07.2004	11	19.5	17.5	587
1752	09.07.2004	11	19.5	17.8	587
1753	09.07.2004	11	15	16.2	587
1769	16.07.2004	11	20.9	18	591
1770	16.07.2004	11	23.2	18	591
1771	16.07.2004	11	11.5	15	591
1772	16.07.2004	11	22.5	17.5	591
1783	17.07.2004	11	24.3	17.9	597
1784	17.07.2004	11	20.5	17.5	597
1792	17.07.2004	11	25	18.7	595
1793	17.07.2004	11	25.4	18.3	595
1794	17.07.2004	11	24.9	17.3	597
1795	17.07.2004	11	17	15	597
1798	19.07.2004	11	18.2	16	599
1809	19.07.2004	11	23	18	598
1810	19.07.2004	11	22.2	18.2	598
1813	20.07.2004	11	26.8	20.3	604
1818	20.07.2004	11	28.1	17.1	604
1823	20.07.2004	11	20.6	17.4	602
1833	21.07.2004	11	22.2	17.5	605
1837	22.07.2004	11	28.7	19.2	613
1838	22.07.2004	11	25.2	17.9	613
1843	23.07.2004	11	14.2	15.7	609
1853	22.07.2004	11	23.8	18.7	610
1882	28.07.2004	11	19.4	17.5	618
1883	28.07.2004	11	18.6	16.5	618
1888	29.07.2004	11	22.6	17.6	625
1889	29.07.2004	11	22.2	17.6	625
1890	29.07.2004	11	15.8	15.5	625
1898	30.07.2004	11	26.5	18	621
1899	30.07.2004	11	26	18.9	621
1902	01.08.2004	11	24	19	627
1903	01.08.2004	11	23.9	17.9	627
1906	01.08.2004	11	24.6	19.5	626
1907	01.08.2004	11	22.4	18.7	626
1915	03.08.2004	11	27.5	18.1	630
1916	03.08.2004	11	28.4	19.6	630
1917	03.08.2004	11	28.2	19	630
1919	07.08.2004	11	25	19.7	631
1929	08.08.2004	11	28.7	19	634
1930	08.08.2004	11	20.2	17.9	634
1932	09.08.2004	11	23.5	18.9	636
1933	09.08.2004	11	24.2	19	636
1935	09.08.2004	11	23	18.5	635
1936	09.08.2004	11	23.5	18.4	635
1937	09.08.2004	11	14.7	16.1	636
1939	10.08.2004	11	21.3	18	639
1940	10.08.2004	11	22.2	17.5	639
1941	10.08.2004	11	17.2	15.5	639
1947	10.08.2004	11	21.5	18.2	637
1948	10.08.2004	11	19	17	637
1951	11.08.2004	11	21.5	18.8	1
1956	11.08.2004	11	26.2	19.4	1
1968	11.08.2004	11	17.5	17.2	638
1969	11.08.2004	11	14.2	16.8	638
1970	11.08.2004	11	18.7	16.8	640
1971	11.08.2004	11	9.5	14.3	640
1972	12.08.2004	11	19.6	17	7
1974	12.08.2004	11	16	15.5	7
2053	12.05.2005	11	20.6	17	27
2103	24.05.2005	11	20	16.2	40
2109	24.05.2005	11	23.6	18.1	39
2114	25.05.2005	11	22.5	16.9	49
2116	25.05.2005	11	23	17.7	49
2126	25.05.2005	11	9.2	14.3	48
2131	25.05.2005	11	24.4	18.8	47
2136	25.05.2005	11	22.2	18.8	44
2137	25.05.2005	11	15.2	16	44
2153	26.05.2005	11	24.5	18.9	51
2154	26.05.2005	11	21.1	18	51
2157	26.05.2005	11	25	18	50
2158	26.05.2005	11	22.5	17.3	50
2162	26.05.2005	11	22.4	17.8	53
2163	26.05.2005	11	12	15	53
2164	26.05.2005	11	18.4	16.3	53
2166	26.05.2005	11	16.9	15.7	51
2167	26.05.2005	11	19.2	16.7	52
2168	26.05.2005	11	13.4	15	52
2172	27.05.2005	11	17.4	16.5	58
2173	27.05.2005	11	21.8	16.7	58
2175	27.05.2005	11	18.5	16.5	57
2176	27.05.2005	11	15	16	57
2177	27.05.2005	11	12	15	57
2178	27.05.2005	11	7.2	12.3	57
2185	27.05.2005	11	17.8	16.6	55
2187	27.05.2005	11	17.7	16.4	55
2188	27.05.2005	11	13.6	16	55
2190	27.05.2005	11	22	17.8	59
2191	27.05.2005	11	14	15.5	59
2200	27.05.2005	11	28	19	61
2201	27.05.2005	11	27.5	18	61
2202	27.05.2005	11	24.1	18.1	61
2205	27.05.2005	11	25.7	17.5	60
2206	27.05.2005	11	27	19.5	60
2207	27.05.2005	11	26	18	60
2210	27.05.2005	11	16.5	15	63
2215	27.05.2005	11	20.2	16	62
2216	27.05.2005	11	23.3	17.1	62
2217	27.05.2005	11	18.5	16.5	62
2236	30.05.2005	11	21.2	18	70
2237	30.05.2005	11	18.6	17.2	70
2238	30.05.2005	11	6.2	10.2	70
2241	30.05.2005	11	19.5	16.9	71
2242	30.05.2005	11	21.2	17.3	71
2243	30.05.2005	11	9	11.8	71
2244	30.05.2005	11	17	15.5	71
2246	30.05.2005	11	28.2	20	72
2247	30.05.2005	11	23.2	17.4	72
2248	30.05.2005	11	18.2	16.1	72
2254	30.05.2005	11	20	16.4	68
2255	30.05.2005	11	18	16	68
2257	30.05.2005	11	16.1	15	68
2267	31.05.2005	11	14.6	14.6	76
2268	31.05.2005	11	15.5	16.1	76
2269	31.05.2005	11	21	17.5	76
2272	31.05.2005	11	25.5	19.1	78
2300	01.06.2005	11	16.8	15.6	83
2312	01.06.2005	11	26.7	18.5	81
2346	04.06.2005	11	13.6	15.8	93
2349	04.06.2005	11	20.9	17.7	93
2350	04.06.2005	11	18.5	15.5	91
2351	04.06.2005	11	21.2	16.1	91
2352	04.06.2005	11	24.4	18.7	92
2353	04.06.2005	11	23.4	18.4	92
2354	04.06.2005	11	19.3	16.4	92
2356	05.06.2005	11	18.1	18	95
2357	05.06.2005	11	21.5	18	95
2358	05.06.2005	11	13	16.6	95
2360	05.06.2005	11	13.5	14.2	96
2362	05.06.2005	11	14	15	96
2366	05.06.2005	11	23.5	17.7	94
2367	05.06.2005	11	22.8	17.8	94
2368	05.06.2005	11	22.5	18	94
2374	13.06.2005	11	18	15.1	98
2383	15.06.2005	11	24.6	19	101
2384	15.06.2005	11	24.2	18	101
2385	15.06.2005	11	12.8	15.8	101
2388	15.06.2005	11	21.2	17.3	100
2389	15.06.2005	11	20.5	16.7	100
2390	15.06.2005	11	16.2	16.8	101
2391	16.06.2005	11	26.3	19.5	106
2392	16.06.2005	11	27.3	19	106
2394	16.06.2005	11	23.1	18.4	108
2395	16.06.2005	11	23.4	19.2	108
2396	16.06.2005	11	20.6	18.2	108
2403	16.06.2005	11	24.3	19	107
2404	16.06.2005	11	21.3	18.3	107
2405	16.06.2005	11	21	18.3	107
2408	16.06.2005	11	21.5	16.9	105
2409	16.06.2005	11	18	18	105
2414	16.06.2005	11	25.2	19	102
2423	17.06.2005	11	19.2	18.2	109
2424	17.06.2005	11	20.5	17.6	109
2426	17.06.2005	11	13.4	15.8	109
2435	19.06.2005	11	19	17.2	112
2441	21.06.2005	11	22	16.7	115
2442	21.06.2005	11	18.8	16	115
2446	21.06.2005	11	24.4	18.6	114
2447	21.06.2005	11	28.9	20.5	114
2448	21.06.2005	11	26	19.5	114
2451	22.06.2005	11	18.2	17.5	113
2452	22.06.2005	11	15	15.7	113
2453	22.06.2005	11	22	18.2	116
2454	22.06.2005	11	15.4	16	116
2461	24.06.2005	11	28.9	20	118
2462	24.06.2005	11	27.2	19.6	118
2464	24.06.2005	11	26.5	20.2	118
2475	25.06.2005	11	28.4	18.4	120
2479	25.06.2005	11	25.4	18.5	125
2480	25.06.2005	11	23.8	18.1	125
2481	25.06.2005	11	24	18.3	125
2482	25.06.2005	11	26	18.9	120
2488	25.06.2005	11	30.2	19.7	122
2489	25.06.2005	11	28.2	19.5	124
2492	25.06.2005	11	27.7	19	122
2493	25.06.2005	11	26.8	18.4	122
2495	26.06.2005	11	29.2	19.2	128
2496	26.06.2005	11	18	16.5	127
2497	26.06.2005	11	27.5	18.8	128
2509	27.06.2005	11	19	17.5	130
2511	27.06.2005	11	16.3	16.8	130
2513	27.06.2005	11	26.3	19.5	132
2514	27.06.2005	11	27.7	19.7	132
2515	27.06.2005	11	24.5	19.1	129
2516	27.06.2005	11	23.8	18.4	129
2517	27.06.2005	11	17.8	17.8	129
2519	27.06.2005	11	24.7	17.4	130
2523	27.06.2005	11	21.2	18.1	130
2524	27.06.2005	11	13.6	14.2	130
2527	28.06.2005	11	23.5	18.5	133
2528	28.06.2005	11	24.2	19.1	133
2529	28.06.2005	11	23	18.1	133
2530	28.06.2005	11	22.8	19	133
2532	29.06.2005	11	26.2	19.3	136
2533	29.06.2005	11	26	19.3	136
2534	29.06.2005	11	22	18.1	136
2541	29.06.2005	11	24.3	18.7	134
2542	29.06.2005	11	23.1	18	134
2543	29.06.2005	11	22.8	19	134
2544	29.06.2005	11	19.5	19.5	136
2550	30.06.2005	11	20.4	17.8	138
2554	01.07.2005	11	24	18.7	139
2555	01.07.2005	11	21.5	18.3	139
2559	02.07.2005	11	24.7	18.2	141
2560	02.07.2005	11	17.4	15.6	141
2564	02.07.2005	11	24.2	18.8	143
2565	02.07.2005	11	23.8	18.9	143
2567	02.07.2005	11	24.1	19	143
2574	02.07.2005	11	29.8	18.7	140
2575	02.07.2005	11	27.4	19.4	140
2576	02.07.2005	11	24.9	18.4	141
2583	03.07.2005	11	24	18.9	146
2584	03.07.2005	11	26	18.9	146
2585	03.07.2005	11	25.6	18.9	146
2586	03.07.2005	11	28.4	19.2	145
2587	03.07.2005	11	27	18.9	145
2595	04.07.2005	11	25.4	17.9	148
2596	04.07.2005	11	24.8	19.2	148
2597	04.07.2005	11	26.2	19	148
2604	04.07.2005	11	25.5	18.8	147
2605	04.07.2005	11	22.5	18.8	147
2606	04.07.2005	11	23.5	18.5	147
2607	04.07.2005	11	11.2	15.7	148
2625	06.07.2005	11	26.5	19.5	152
2627	06.07.2005	11	22.7	18.5	152
2628	06.07.2005	11	21.7	17.4	152
2631	08.07.2005	11	23.2	18.6	647
2632	08.07.2005	11	21.8	17.5	647
2656	09.07.2005	11	24.2	18.2	643
2657	09.07.2005	11	20.2	17.5	643
2658	09.07.2005	11	26.6	19.5	647
2661	11.07.2005	11	27.2	18	650
2675	11.07.2005	11	26.4	20.2	649
2676	11.07.2005	11	24.2	19	649
2677	11.07.2005	11	21.2	19	649
2680	12.07.2005	11	20.2	18.9	653
2681	12.07.2005	11	26.7	18.5	653
2691	14.07.2005	11	22.5	18.9	654
2692	14.07.2005	11	25.7	19.2	654
2693	14.07.2005	11	21.8	18.3	654
2694	14.07.2005	11	21.2	19	654
2703	16.07.2005	11	27	19.3	658
2707	16.07.2005	11	23.2	17.8	660
2709	16.07.2005	11	17.2	16.3	660
2710	16.07.2005	11	13.8	15.5	660
2712	16.07.2005	11	19.6	16.9	659
2713	16.07.2005	11	18	16.2	659
2714	16.07.2005	11	15.7	15.7	659
2715	16.07.2005	11	15.2	15.4	659
2725	19.07.2005	11	25.3	19	664
2726	19.07.2005	11	25	19.7	664
2727	19.07.2005	11	27.2	19.8	663
2730	19.07.2005	11	25	19.7	663
2731	19.07.2005	11	24.4	19.1	663
2735	21.07.2005	11	26.4	19.5	665
2747	22.07.2005	11	25.3	18.7	668
2749	22.07.2005	11	27	17.7	668
2759	24.07.2005	11	27.5	18.1	673
2760	24.07.2005	11	26.2	17.8	670
2762	24.07.2005	11	25	18.5	675
2763	24.07.2005	11	26.5	19.2	675
2765	24.07.2005	11	23.5	18.1	673
2768	24.07.2005	11	24.8	18.7	672
2771	24.07.2005	11	23	18.3	672
2772	24.07.2005	11	16.5	18	672
2783	27.07.2005	11	26.4	19.3	678
2784	27.07.2005	11	27.6	18.8	678
2789	26.07.2005	11	20	16.3	680
2790	26.07.2005	11	20.2	17.5	680
2801	30.07.2005	11	25.2	18.2	684
2802	30.07.2005	11	16.8	15.9	684
2806	30.07.2005	11	28.9	19	685
2807	30.07.2005	11	27.2	18.4	683
2808	30.07.2005	11	27.6	19	683
2811	30.07.2005	11	18.2	17.7	684
2816	31.07.2005	11	23.2	18.5	686
2817	31.07.2005	11	27.8	18.9	686
2818	31.07.2005	11	25.5	19	686
2819	31.07.2005	11	22.2	18.1	686
2820	31.07.2005	11	15.1	16.5	686
2821	01.08.2005	11	21.8	18.2	689
2822	01.08.2005	11	19.6	17.8	689
2823	01.08.2005	11	21.4	18.6	689
2831	01.08.2005	11	22.2	17.8	687
2832	01.08.2005	11	17.7	16.2	687
2833	01.08.2005	11	20	17.1	687
2836	02.08.2005	11	25	18.9	691
2837	02.08.2005	11	22.4	18.5	691
2838	02.08.2005	11	21	16.7	691
2840	02.08.2005	11	26.5	18.5	690
2841	02.08.2005	11	27.5	18.5	690
2850	03.08.2005	11	20.4	18.4	692
2870	06.08.2005	11	27.5	18.8	696
2871	06.08.2005	11	22.8	17.5	696
2874	06.08.2005	11	23.5	18.3	696
2884	07.08.2005	11	22.1	17.5	704
2885	07.08.2005	11	17.9	17.1	704
2891	07.08.2005	11	27	18	703
2894	07.08.2005	11	24.5	18.3	703
2899	07.08.2005	11	27	18.3	700
2900	07.08.2005	11	26	18.4	700
2902	08.08.2005	11	25.8	19.9	707
2903	08.08.2005	11	27	19.5	706
2904	08.08.2005	11	27.8	20.3	706
2905	08.08.2005	11	26.8	19.9	707
2906	08.08.2005	11	26.4	19.2	705
2907	08.08.2005	11	27.3	19	705
2910	09.08.2005	11	25.8	19.4	705
2911	09.08.2005	11	27.3	18.8	705
2912	09.08.2005	11	17	16.2	707
2943	11.08.2005	11	28.3	19	710
2944	11.08.2005	11	26.5	18.8	710
2945	11.08.2005	11	26.2	19.2	710
2946	11.08.2005	11	17.6	16.8	710
2951	12.08.2005	11	16.2	16.5	717
2958	14.08.2005	11	27.5	19.5	719
2959	14.08.2005	11	24	18.5	719
2960	14.08.2005	11	23.2	18.7	719
2962	17.08.2005	11	25.8	18.5	721
2963	17.08.2005	11	25.4	19.6	721
2964	17.08.2005	11	23.3	19.2	721
2966	17.08.2005	11	24.2	19.9	720
2967	17.08.2005	11	25.8	20.2	720
2968	17.08.2005	11	25.2	19.5	720
2969	19.08.2005	11	23	18.9	722
2970	19.08.2005	11	23.9	18.8	722
2971	19.08.2005	11	21.6	17.4	722
2972	19.08.2005	11	20.2	18	722
2973	20.08.2005	11	29.5	19.1	724
3000	26.08.2005	11	24	18.8	735
3001	26.08.2005	11	22	18.3	735
3002	26.08.2005	11	22.8	18.5	735
3003	26.08.2005	11	20.6	18	732
3013	26.08.2005	11	25	19.7	732
3014	26.08.2005	11	24.6	18.9	732
3060	31.05.2005	11	24.2	17.7	744
3061	01.06.2005	11	21.5	17.2	745
3062	01.06.2005	11	14.1	15.8	745
3063	01.06.2005	11	9.4	14.4	745
3064	01.06.2005	11	23.1	17	746
3066	21.07.2005	11	22.5	18.4	747
3067	21.07.2005	11	25	18.7	747
3068	21.07.2005	11	23.7	17.7	747
3087	22.05.2006	11	12.1	16	753
3088	22.05.2006	11	16.8	16.5	753
3089	22.05.2006	11	13.7	16	753
3092	23.05.2006	11	13.1	14.1	754
3096	23.05.2006	11	17.3	16	754
3200	13.06.2006	11	23.6	17.2	786
3201	13.06.2006	11	21.8	18.3	786
3202	13.06.2006	11	22.7	18.3	786
3204	16.06.2006	11	23.1	18.7	788
3213	17.06.2006	11	17.7	17	789
3224	18.06.2006	11	19.3	13.8	792
3240	23.06.2006	11	25.2	19.1	799
3241	23.06.2006	11	24	17.7	799
3246	24.06.2006	11	14.6	12.5	797
3258	26.06.2006	11	22	17	802
3261	26.06.2006	11	11.2	13	802
3272	29.06.2006	11	23.1	18	806
3273	29.06.2006	11	23.5	19.1	807
3275	29.06.2006	11	24.1	19.8	806
3276	29.06.2006	11	23.9	15.9	807
3277	29.06.2006	11	24	17.2	807
3278	29.06.2006	11	21.8	18.3	806
3279	29.06.2006	11	23	16.4	807
3280	15.06.2006	11	22.6	17.4	808
3281	15.06.2006	11	24.5	18.9	808
3283	30.06.2006	11	22.6	18.7	810
3284	30.06.2006	11	24.6	18.7	810
3285	30.06.2006	11	25.2	18.5	810
3286	30.06.2006	11	27	19.4	809
3288	30.06.2006	11	25	19	809
3296	01.07.2006	11	22.4	19	813
3297	01.07.2006	11	22	18	812
3299	01.07.2006	11	14	16	813
3300	01.07.2006	11	25.2	19.6	812
3301	01.07.2006	11	23.5	19	812
3302	01.07.2006	11	25.4	18.4	812
3304	02.07.2006	11	28.5	19.7	814
3310	02.07.2006	11	24.4	18.2	815
3311	02.07.2006	11	25.7	18.6	815
3312	02.07.2006	11	23.8	18.4	815
3320	03.07.2006	11	26.5	19.2	818
3321	03.07.2006	11	25	19.6	818
3334	04.07.2006	11	19.9	18.1	825
3335	04.07.2006	11	17.9	17.7	822
3336	04.07.2006	11	17.7	17.3	822
3337	04.07.2006	11	18.8	17.2	822
3338	04.07.2006	11	29.3	20.3	823
3339	04.07.2006	11	27.9	19.2	823
3340	04.07.2006	11	26.6	19.5	823
3341	04.07.2006	11	21.5	18	825
3342	04.07.2006	11	22.1	18.3	825
3343	04.07.2006	11	22.6	18.3	825
3346	04.07.2006	11	25.1	18.7	824
3347	04.07.2006	11	22.2	18.3	824
3348	04.07.2006	11	23.6	18.5	824
3350	05.07.2006	11	23.8	19	827
3351	05.07.2006	11	24.5	19.7	827
3355	05.07.2006	11	20.7	17.6	826
3359	03.07.2006	11	21.7	18.2	829
3360	03.07.2006	11	20.8	17.7	829
3361	03.07.2006	11	14.4	15.6	829
3362	01.07.2006	11	22.5	18.7	830
3363	01.07.2006	11	19.9	17.7	830
3364	01.07.2006	11	14.4	16.5	830
3370	09.07.2006	11	24.9	19.4	832
3372	09.07.2006	11	27.5	19.3	832
3375	10.07.2006	11	20.3	17.9	832
3394	14.07.2006	11	26.8	19	837
3395	14.07.2006	11	26.4	19	837
3399	19.07.2006	11	27.4	18.9	839
3401	19.07.2006	11	18.5	16.5	839
3404	19.07.2006	11	23.3	18.2	838
3405	19.07.2006	11	24.3	18.3	838
3406	19.07.2006	11	26.4	18.1	838
3415	21.07.2006	11	25.7	18.8	843
3417	21.07.2006	11	24.4	18.9	843
3418	21.07.2006	11	23.3	17.4	843
3420	21.07.2006	11	24	18.5	842
3421	21.07.2006	11	23.8	18.2	842
3422	21.07.2006	11	21.5	18.2	842
3423	23.07.2006	11	24.9	19.2	844
3424	23.07.2006	11	22.6	18.9	844
3425	23.07.2006	11	23.8	18.2	844
3431	24.07.2006	11	26.5	17.6	845
3432	24.07.2006	11	24.5	17	845
3436	25.07.2006	11	25.2	18.3	846
3437	25.07.2006	11	24	17.9	846
3441	27.07.2006	11	23.6	18.3	848
3442	27.07.2006	11	21.7	18	848
3443	27.07.2006	11	22.8	18.1	848
3445	27.07.2006	11	25.2	19	847
3446	27.07.2006	11	24.8	19.4	847
3447	27.07.2006	11	25	18.8	847
3448	27.07.2006	11	20.4	16.9	848
3450	28.07.2006	11	26.5	18.8	849
3453	27.07.2006	11	25.7	18.6	850
3454	27.07.2006	11	24.8	18.2	850
3455	27.07.2006	11	24.7	15.9	850
3456	27.07.2006	11	20.9	16.1	850
3457	24.07.2006	11	22.7	17.1	851
3459	05.08.2006	11	25.6	19.6	852
3460	05.08.2006	11	25.6	18.6	852
3461	05.08.2006	11	25	18.8	852
3462	05.08.2006	11	15.7	17	852
3466	06.08.2006	11	20.3	15.9	854
3469	06.08.2006	11	16.4	14.8	854
3470	07.08.2006	11	20	17.6	856
3475	07.08.2006	11	25	17.9	856
3476	07.08.2006	11	20.9	16.8	856
3477	07.08.2006	11	25.1	18.8	856
3478	07.08.2006	11	22.6	18	856
3483	08.08.2006	11	25.5	17.7	857
3484	08.08.2006	11	25.5	18.8	857
3491	09.08.2006	11	28.3	19.9	859
3492	09.08.2006	11	28.6	19	859
3495	10.08.2006	11	24.8	18.9	860
3496	10.08.2006	11	28.6	19	860
3497	10.08.2006	11	27.5	19.1	860
3498	10.08.2006	11	23.5	18.8	860
3499	11.08.2006	11	25.5	18.5	863
3502	11.08.2006	11	22.8	19.1	864
3503	11.08.2006	11	24.5	19.1	864
3504	11.08.2006	11	26.1	19.5	864
3505	11.08.2006	11	21.5	18.6	864
3507	11.08.2006	11	26	18.5	863
3508	11.08.2006	11	26.7	17.6	863
3509	11.08.2006	11	24.3	17.4	863
3511	11.08.2006	11	28	19.3	862
3512	11.08.2006	11	26.9	19.1	862
3513	11.08.2006	11	29.2	19.1	862
3514	11.08.2006	11	27.8	18.9	862
3515	12.08.2006	11	27	19.1	866
3516	12.08.2006	11	25.3	18.9	866
3520	12.08.2006	11	25.3	18.5	865
3521	12.08.2006	11	17.4	17.3	865
3525	10.08.2006	11	23.4	18.3	867
3526	10.08.2006	11	23.5	19.4	867
3527	10.08.2006	11	17.5	17.3	867
3528	14.08.2006	11	24.3	17.3	868
3529	14.08.2006	11	17.1	15.3	868
3530	14.08.2006	11	22	16.4	868
3531	14.08.2006	11	19.1	16.3	868
3532	07.08.2006	11	23.7	18.3	869
3533	07.08.2006	11	21	18.4	869
3534	07.08.2006	11	21.7	18.2	869
3536	14.08.2006	11	24.7	18.2	871
3537	14.08.2006	11	25	18	870
3538	14.08.2006	11	26.7	18.3	871
3540	14.08.2006	11	26.3	19.2	870
3541	14.08.2006	11	24.1	18.9	870
3543	14.08.2006	11	20.2	17.2	870
3544	17.08.2006	11	22.2	18.6	872
3545	17.08.2006	11	16.9	17.4	872
3546	17.08.2006	11	14.8	17.2	872
3559	12.08.2006	11	28	19.3	875
3582	18.05.2007	11	26.5	17.4	884
3583	18.05.2007	11	22.8	14	884
3584	18.05.2007	11	16.6	16.6	884
3621	04.06.2007	11	22.8	16.4	897
3630	05.06.2007	11	22.8	17.3	898
3631	05.06.2007	11	16.4	15.3	898
3634	05.06.2007	11	11	14.2	898
3645	06.06.2007	11	23.6	16.9	902
3648	06.06.2007	11	25.4	17	901
3649	06.06.2007	11	26.5	18.3	901
3668	09.06.2007	11	26.2	17.6	907
3669	09.06.2007	11	28.4	18	907
3675	12.06.2007	11	24.6	18.3	909
3676	12.06.2007	11	27.3	18.1	909
3677	12.06.2007	11	23.5	17.5	909
3683	15.06.2007	11	25.5	19	910
3684	15.06.2007	11	24.2	18.6	910
3686	18.06.2007	11	26.1	18.7	912
3687	18.06.2007	11	25	18.6	912
3688	18.06.2007	11	21.5	17.8	912
3695	21.06.2007	11	25.3	18.3	914
3696	21.06.2007	11	23.5	18.3	914
3708	24.06.2007	11	25.4	17.9	918
3710	24.06.2007	11	22.8	18	918
3712	24.06.2007	11	25.5	18.6	917
3713	24.06.2007	11	25.3	19.2	917
3714	24.06.2007	11	26.3	19.4	917
3715	24.06.2007	11	26.5	18.9	918
3717	28.06.2007	11	22	17.5	919
3719	28.06.2007	11	24.7	17.9	919
3722	30.06.2007	11	22.1	19.1	920
3723	30.06.2007	11	24.7	18.5	920
3724	30.06.2007	11	23.2	17.8	920
3725	30.06.2007	11	21	18.5	920
3727	01.07.2007	11	14.9	16.1	921
3728	01.07.2007	11	22.6	17.1	921
3729	01.07.2007	11	13.2	14.6	921
3730	01.07.2007	11	21.5	16.9	921
3732	02.07.2007	11	21.1	17.2	922
3733	02.07.2007	11	23.6	18.3	922
3734	02.07.2007	11	24.7	18	922
3735	02.07.2007	11	20.5	17.4	922
3737	02.07.2007	11	27.7	19.1	923
3738	02.07.2007	11	25	18.4	923
3743	03.07.2007	11	24.3	17.7	925
3745	03.07.2007	11	24	18.6	925
3746	03.07.2007	11	22.3	17.3	925
3747	05.07.2007	11	24.5	18	927
3749	05.07.2007	11	23.4	17.3	927
3750	05.07.2007	11	20.6	16.7	927
3751	05.07.2007	11	21.4	18.3	926
3752	05.07.2007	11	23.2	17.9	926
3760	07.07.2007	11	24.3	17.4	929
3761	07.07.2007	11	24.7	17.8	929
3762	07.07.2007	11	22.5	16.4	929
3764	26.06.2007	11	22.3	17	930
3765	26.06.2007	11	22.6	16.5	930
3766	26.06.2007	11	21.3	17.9	930
3767	26.06.2007	11	18.8	15	930
3769	08.07.2007	11	18.7	17.1	931
3770	08.07.2007	11	12.9	16	931
3772	09.07.2007	11	26.5	19.2	933
3773	09.07.2007	11	24.1	17.9	933
3774	09.07.2007	11	24.2	17.9	933
3777	09.07.2007	11	19.8	16.8	932
3778	09.07.2007	11	17.7	16.2	932
3779	09.07.2007	11	13.1	16.3	932
3780	09.07.2007	11	16.3	16.9	933
3782	11.07.2007	11	16.9	16.9	934
3787	12.07.2007	11	25.1	18.9	935
3788	12.07.2007	11	24.1	18.6	935
3789	12.07.2007	11	20.7	17.9	935
3792	12.07.2007	11	21	16.2	936
3794	12.07.2007	11	13.3	15	936
3797	13.07.2007	11	28.2	19.3	937
3802	15.07.2007	11	21.4	18	938
3803	15.07.2007	11	11.5	16.3	938
3804	15.07.2007	11	14.1	15.9	938
3808	05.07.2007	11	24.4	18.3	939
3820	20.07.2007	11	22.9	18.4	942
3821	20.07.2007	11	20.2	18.5	942
3822	20.07.2007	11	21.1	18.2	942
3823	20.07.2007	11	14.3	16.9	942
3826	21.07.2007	11	19.7	15.1	944
3827	21.07.2007	11	22.1	17.7	944
3828	21.07.2007	11	26.7	17.9	944
3830	21.07.2007	11	21.2	18	943
3831	21.07.2007	11	23.2	19.5	943
3832	21.07.2007	11	19.4	17.4	943
3844	23.07.2007	11	22.3	17.6	947
3849	27.07.2007	11	25.4	19.5	948
3850	27.07.2007	11	28	20	948
3854	28.07.2007	11	29.2	19.2	949
3855	28.07.2007	11	25	18.5	949
3856	28.07.2007	11	26.4		949
3861	02.08.2007	11	21.6	19.1	951
3862	02.08.2007	11	23.3	18.5	951
3866	03.08.2007	11	26	18	952
3867	03.08.2007	11	26.3	18.7	952
3868	03.08.2007	11	25.4	18.8	952
3871	07.08.2007	11	23.5	19.9	953
3872	07.08.2007	11	26.7	18.3	953
3879	08.08.2007	11	24.6	17.3	955
3880	08.08.2007	11	21.6	17.6	955
3887	11.08.2007	11	23.4	20.2	957
3888	11.08.2007	11	25.9	18.8	957
3889	11.08.2007	11	22.6	18.2	957
3905	13.08.2007	11	20.2	16.5	961
3906	13.08.2007	11	24.6	18.6	960
3907	13.08.2007	11	23.9	18.1	960
3908	13.08.2007	11	24.6	18	960
3909	13.08.2007	11	20.4	16.8	960
3910	13.08.2007	11	21.5	17.5	960
3913	14.08.2007	11	16.5	17.4	962
3914	14.08.2007	11	19.4	17.9	962
3915	14.08.2007	11	19.6	18.2	962
3916	14.08.2007	11	22	18.5	962
3918	15.08.2007	11	23.2	17.5	963
3919	15.08.2007	11	18.9	16.7	963
3920	15.08.2007	11	22.2	17.6	963
3923	16.08.2007	11	18.7	17.5	964
3924	16.08.2007	11	17.8	16.9	964
3925	16.08.2007	11	17.2	17.7	964
3926	16.08.2007	11	11.8	15.5	964
3929	16.08.2007	11	16.2	16	966
3930	16.08.2007	11	21.8	17	966
3933	16.08.2007	11	15.4	15	965
3934	16.08.2007	11	23.1	18.1	966
3935	16.08.2007	11	15.8	15.8	965
3936	16.08.2007	11	8.5	13.5	965
3937	16.08.2007	11	10.8	15	966
3948	17.08.2007	11	17.2	16.2	970
3996	11.05.2008	11	20.9	17.7	981
3997	11.05.2008	11	9.1	14	981
3998	11.05.2008	11	20.6	17.1	981
3999	11.05.2008	11	17.3	16.1	981
4001	13.05.2008	11	19	16.4	980
4013	24.05.2008	11	13.8	14.7	982
4015	24.05.2008	11	11.4	13.8	982
4016	24.05.2008	11	15.5	15	982
4022	03.06.2008	11	22.8	19	986
4023	03.06.2008	11	23.4	18.6	986
4027	07.06.2008	11	22	17.7	988
4028	07.06.2008	11	22.5	17.5	988
4029	07.06.2008	11	24.4	18.1	988
4031	09.06.2008	11	19.9	15.8	989
4033	09.06.2008	11	21.3	17	989
4034	09.06.2008	11	21.6	16.2	989
4037	10.06.2008	11	20.3	18.2	991
4038	10.06.2008	11	21.1	16.3	991
4039	10.06.2008	11	20.1	17.3	991
4040	10.06.2008	11	17.8	16.3	991
4046	18.06.2008	11	24.3	18.4	992
4047	18.06.2008	11	22	19.1	992
4048	18.06.2008	11	22.6	19.3	992
4049	18.06.2008	11	22.5	19.1	992
4050	18.06.2008	11	20.6	18.3	992
4051	20.06.2008	11	25.5	18.6	993
4052	20.06.2008	11	25.4	18.2	993
4053	20.06.2008	11	24.3	18.2	993
4054	20.06.2008	11	23.9	18.6	993
4056	19.06.2008	11		15.3	995
4057	19.06.2008	11		15.2	995
4059	19.06.2008	11		14.8	995
4060	19.06.2008	11		14.8	995
4061	19.06.2008	11		13.6	995
4067	05.07.2008	11	24.1	17.3	996
4068	05.07.2008	11	22.5	18	996
4069	05.07.2008	11	23.6	16.5	996
4070	05.07.2008	11	20.5	15.5	996
4071	05.07.2008	11	21.6	16	996
4072	09.07.2008	11	22.6	17.2	997
4073	09.07.2008	11	18.7	15.9	997
4075	09.07.2008	11	20.9	16.3	997
4076	20.07.2008	11	25.2	18.4	998
4077	20.07.2008	11	21.4	17.5	998
4078	20.07.2008	11	23.5	19	998
4079	20.07.2008	11	22.6	16.9	998
4081	21.07.2008	11	24.6	19.4	1001
4082	21.07.2008	11	21.7	18.7	1001
4083	21.07.2008	11	23.6	18.3	1001
4084	21.07.2008	11	22.3	17.7	1001
4085	24.07.2008	11	22.8	18.5	1003
4086	24.07.2008	11	22.3	18.3	1003
4087	24.07.2008	11	23.9	19	1003
4088	24.07.2008	11	24.4	18.3	1003
4096	27.07.2008	11	20.7	14.6	1002
4098	27.07.2008	11	25.1	17.1	1002
4100	08.08.2008	11	25.8	19.1	1004
4105	10.08.2008	11	15.8	15.2	1007
4106	10.08.2008	11	14	14.8	1007
4107	10.08.2008	11	15.3	15.3	1007
4108	14.08.2008	11	25.8	17.8	1005
4109	14.08.2008	11	20.3	16.9	1005
4110	14.08.2008	11	19.5	17.5	1005
4111	14.08.2008	11	12.1	14.1	1005
4538	14.05.2009	11	23.2	17.3	1075
4542	14.05.2009	11	15	15.5	1077
4543	14.05.2009	11	12.9	14.2	1077
4544	14.05.2009	11	11.1	14	1077
4547	14.05.2009	11	21.5	16.5	1078
4548	14.05.2009	11	20.7	15.8	1078
4558	19.05.2009	11	7.8	13.4	1081
4560	19.05.2009	11	13.1	15	1081
4568	26.05.2009	11	26.4	17.4	1084
4569	26.05.2009	11	27.4	17.7	1084
4573	26.05.2009	11	21.8	17.1	1083
4576	26.05.2009	11	21.3	16.7	1083
4579	30.05.2009	11	23	15.4	1085
4580	30.05.2009	11	23.9	17	1085
4581	30.05.2009	11	20.9	16.1	1085
4582	30.05.2009	11	19.6	15.8	1085
4584	31.05.2009	11	13.4	12.2	1086
4585	31.05.2009	11	25.2	16.6	1086
4586	31.05.2009	11	15.1	13.7	1086
4588	03.06.2009	11	24.2	17.9	1087
4589	03.06.2009	11	24.1	17.4	1087
4593	04.06.2009	11	22.4	17.9	1088
4594	04.06.2009	11	18.3	15.6	1088
4595	04.06.2009	11	20.3	17	1088
4603	05.06.2009	11	16.9	16.7	1090
4604	05.06.2009	11	20.6	17.2	1090
4606	06.06.2009	11	20.3	17.9	1091
4607	06.06.2009	11	21.3	18.1	1091
4608	06.06.2009	11	20.7	17.5	1091
4609	06.06.2009	11	12.9	15.8	1091
4614	08.06.2009	11	23.8	18.7	1094
4615	08.06.2009	11	23.9	17.9	1094
4616	08.06.2009	11	24.2	17.9	1094
4619	08.06.2009	11	19.1	16.5	1093
4620	08.06.2009	11	21.6	17.2	1093
4626	10.06.2009	11	26.4	17.6	1096
4627	10.06.2009	11	22.1	18.2	1096
4628	10.06.2009	11	23.1	18	1096
4629	10.06.2009	11	23.9	18.8	1096
4646	25.06.2009	11	24.3	16.8	1101
4647	25.06.2009	11	17.1	17.4	1101
4649	28.06.2009	11	25.4	18.9	1103
4650	28.06.2009	11	24.2	19	1103
4651	28.06.2009	11	27.2	19	1103
4653	28.06.2009	11	26.4	17.3	1102
4654	28.06.2009	11	21.7	17.8	1102
4655	28.06.2009	11	17.7	17.1	1102
4657	29.06.2009	11	21.6	18.1	1104
4658	29.06.2009	11	23.9	18.6	1104
4661	29.06.2009	11	25.6	17.3	1105
4663	29.06.2009	11	20.8	17.5	1105
4664	29.06.2009	11	18.8	17.7	1105
4666	30.06.2009	11	20.7	17.5	1108
4667	30.06.2009	11	24.9	18.2	1108
4668	30.06.2009	11	22.5	19.3	1108
4669	30.06.2009	11	22.2	18.8	1108
4671	30.06.2009	11	27	18.7	1107
4672	30.06.2009	11	25.1	18.7	1107
4673	30.06.2009	11	24.5	18.3	1107
4674	30.06.2009	11	24.5	18.5	1107
4676	01.07.2009	11	25.4	18.5	1109
4678	01.07.2009	11	20.7	16.9	1109
4679	04.07.2009	11	23.9	18.2	1110
4680	04.07.2009	11	23.1	18.2	1110
4681	04.07.2009	11	25.9	19.7	1110
4682	04.07.2009	11	25	18.9	1110
4689	09.07.2009	11	22.8	18.6	1112
4690	09.07.2009	11	24.7	18.9	1112
4691	09.07.2009	11	23.6	18.6	1112
4695	12.07.2009	11	27.5	17.5	1113
4697	12.07.2009	11	25.1	18.7	1115
4698	12.07.2009	11	25.1	18.1	1115
4699	12.07.2009	11	25.8	18	1115
4701	12.07.2009	11	20.5	18.5	1114
4702	12.07.2009	11	23.2	17.5	1114
4703	12.07.2009	11	22.7	19	1114
4705	14.07.2009	11	23.7	18.6	1116
4706	14.07.2009	11	21.4	18.7	1116
4707	14.07.2009	11	22.9	17.6	1116
4711	19.07.2009	11	23.3	16.9	1119
4712	19.07.2009	11	23.5	18	1119
4713	19.07.2009	11	19.5	17	1119
4716	19.07.2009	11	23.2	18.2	1118
4717	19.07.2009	11	21.7	18.3	1118
4718	19.07.2009	11	22.1	18.1	1118
4721	23.07.2009	11	25.3	18.8	1120
4722	23.07.2009	11	25.3	18.2	1120
4723	23.07.2009	11	25.3	19.3	1120
4726	29.07.2009	11	19.3	16.5	1121
4729	30.07.2009	11	20	18	1122
4730	30.07.2009	11	20.6	17.6	1122
4733	02.08.2009	11	23.6	17.4	1124
4734	02.08.2009	11	25.5	17.5	1124
4735	03.08.2009	11	22.5	18.2	1125
4736	03.08.2009	11	24.1	18.5	1125
4737	03.08.2009	11	26.1	18.5	1125
4738	03.08.2009	11	20.8	18.3	1125
4739	04.08.2009	11	25.6	18.3	1126
4744	14.08.2009	11	25.5	18.3	1129
4745	14.08.2009	11	25.5	18.5	1129
4749	14.08.2009	11	25.2	17.7	1128
4750	14.08.2009	11	23	18.4	1128
4751	15.08.2009	11	26.4	19.1	1130
4752	15.08.2009	11	26.1	19.1	1130
4753	15.08.2009	11	27	19.4	1130
4763	23.07.2011	11	23.1	18.2	1316
4764	02.05.2010	11	15.9		1132
4765	02.05.2010	11	17.7		1132
4766	02.05.2010	11	17.8		1132
4767	02.05.2010	11	8.2		1132
4829	20.05.2010	11	19.7		1148
4830	20.05.2010	11	21.8		1148
4831	20.05.2010	11	17.3		1148
4839	19.05.2010	11	23.9	16	1150
4840	19.05.2010	11	22.7	15.9	1150
4867	11.06.2010	11	22.6	17.5	1156
4868	11.06.2010	11	25.7	18.9	1156
4870	11.06.2010	11	24.4	18	1156
4872	11.06.2010	11	25.6	18.8	1157
4873	11.06.2010	11	27.4	18.7	1157
4881	05.06.2010	11	23.4	19.3	1159
4895	15.06.2010	11	26.9	18.4	1163
4896	15.06.2010	11	29.1	19.6	1163
4897	15.06.2010	11	26.2	18.9	1163
4898	15.06.2010	11	23.8	18.5	1163
4900	17.06.2010	11	24.6	17.7	1164
4901	17.06.2010	11	23.3	18	1164
4902	17.06.2010	11	21.7	17.4	1164
4903	17.06.2010	11	21.6	17.2	1164
4904	17.06.2010	11	22.3	18.7	1165
4905	17.06.2010	11	23.3	17.7	1165
4906	17.06.2010	11	22.1	17.8	1165
4907	17.06.2010	11	20.8	17.3	1165
4908	17.06.2010	11	13.7	13.3	1165
4909	17.06.2010	11	23.3	16.2	1166
4910	17.06.2010	11	23.5	16.9	1166
4939	30.06.2010	11	24	18.3	1172
4940	30.06.2010	11	25.2	17.4	1172
4941	30.06.2010	11	21.7	18.5	1172
4942	30.06.2010	11	22.6	17.8	1172
4945	02.07.2010	11	22.8	18.4	1173
4946	02.07.2010	11	20.3	17.9	1173
4947	02.07.2010	11	21.7	18.4	1173
4948	02.07.2010	11	24	18.5	1173
4949	02.07.2010	11	20.7	17	1173
4956	04.07.2010	11	24.1	17.5	1175
4957	04.07.2010	11	24.9	17.9	1175
4960	15.07.2010	11	22.8	18	1176
4961	15.07.2010	11	23.3	18.5	1176
4962	15.07.2010	11	23.7	18.4	1176
4963	15.07.2010	11	22.2	17.9	1176
4964	15.07.2010	11	20.2	16.5	1176
4965	17.07.2010	11	23.1	18.3	1177
4966	17.07.2010	11	22.8	18.8	1177
4967	17.07.2010	11	22.1	19	1177
4968	17.07.2010	11	21.8	17.3	1177
4969	19.07.2010	11	26.3	18.3	1179
4972	18.07.2010	11	24.6	18.8	1180
4973	18.07.2010	11	24.1	19.2	1180
4974	18.07.2010	11	26.3	18.9	1180
4975	18.07.2010	11	22.9	18.4	1180
4976	18.07.2010	11	24.4	18.8	1181
4977	18.07.2010	11	24.1	18.5	1181
4978	18.07.2010	11	24.8	18.2	1181
4979	19.07.2010	11	23.4	18.1	1182
4980	19.07.2010	11	22.6	17.2	1182
4981	19.07.2010	11	23	17.6	1182
4982	19.07.2010	11	21	17.5	1182
4985	25.07.2010	11	19.7	15.4	1184
4986	25.07.2010	11	13.1	13.6	1184
4987	25.07.2010	11	14.3	14.4	1184
4989	25.07.2010	11	16.2	15.2	1185
4990	25.07.2010	11	20.5	17.2	1185
4991	25.07.2010	11	23.1	17.5	1185
4996	17.07.2010	11	25.6	18.7	1187
4997	17.07.2010	11	24.3	18.9	1187
4998	17.07.2010	11	25.1	18.5	1187
5001	26.07.2010	11	23.7	18.1	1188
5003	26.07.2010	11	25.8	17.6	1188
5004	26.07.2010	11	20.4	16.7	1188
5006	31.07.2010	11	22.4	18.2	1189
5007	31.07.2010	11	22.7	18.3	1189
5008	31.07.2010	11	16		1189
5009	04.08.2010	11	26.6	18	1190
5010	04.08.2010	11	25.4	18.9	1190
5011	04.08.2010	11	23.7	18.5	1190
5013	06.08.2010	11	24.7	20	1191
5014	06.08.2010	11	26.2	19.3	1191
5015	06.08.2010	11	22.3	19	1191
5017	07.08.2010	11	23.6	18.5	1192
5018	07.08.2010	11	22.6	18.1	1192
5020	09.08.2010	11	24.3	17.9	1193
5023	26.07.2010	11	18.6	16	1194
5028	04.08.2010	11	23.7	17.2	1196
5029	04.08.2010	11	22.6	16.7	1196
5030	04.08.2010	11	25.8	17.6	1196
5031	10.08.2010	11	23.9	18.8	1197
5032	10.08.2010	11	23.6	18.7	1197
5033	10.08.2010	11	18.4	16.8	1197
5035	15.08.2010	11	20.9	16.9	1198
5036	15.08.2010	11	20.1	16.7	1198
5038	15.08.2010	11	17.8	15.8	1198
5042	23.07.2011	11	20.9	17.8	1316
5079	24.07.2011	11	21.7	17.7	1317
5081	09.05.2011	11	25.4	17	1201
5082	09.05.2011	11	24.4	17	1201
5087	24.07.2011	11	24.3	18.7	1317
5090	09.05.2011	11	23.3	18.5	1203
5092	09.05.2011	11	24.7	19	1203
5093	10.05.2011	11	23.1	17	1204
5094	10.05.2011	11	24.3	18.9	1204
5095	10.05.2011	11	23.3	16.8	1204
5096	10.05.2011	11	26.9	17.5	1204
5097	10.05.2011	11	21.8	16	1205
5098	10.05.2011	11	24	16.5	1205
5099	10.05.2011	11	24.7	16.2	1205
5100	10.05.2011	11	24.1	16.4	1205
5104	10.05.2011	11	22.1	16.8	1207
5109	29.04.2011	11	25.8	18.5	1209
5110	29.04.2011	11	20.1	17	1209
5113	30.04.2011	11	25.7	18	1210
5114	30.04.2011	11	18.2	16.5	1210
5115	11.05.2011	11	23	17.8	1211
5116	11.05.2011	11	24.6	17.5	1211
5117	11.05.2011	11	22.8	17.7	1211
5118	11.05.2011	11	21.5	17.3	1211
5119	11.05.2011	11	26.1	18.4	1211
5125	13.05.2011	11	17.4	16.6	1213
5127	10.05.2011	11	19.1	16.5	1205
5130	13.05.2011	11	23.9	18.3	1214
5132	13.05.2011	11	24.7	18.1	1214
5133	13.05.2011	11	13.5	15.8	1214
5134	14.05.2011	11	23.8	18.7	1215
5135	14.05.2011	11	16.2	16.5	1215
5136	14.05.2011	11	22.5	18.4	1215
5137	14.05.2011	11	24.3	19.1	1215
5139	14.05.2011	11	24.7	17	1216
5140	14.05.2011	11	22.6	17.7	1216
5142	14.05.2011	11	24.6	18.5	1217
5143	14.05.2011	11	20.6	17.4	1217
5144	14.05.2011	11	24.2	18.9	1217
5146	15.05.2011	11	23.3	17.8	1218
5147	15.05.2011	11	21.5	18.3	1218
5148	15.05.2011	11	23.8	19.2	1218
5156	16.05.2011	11	15.7	15.4	1220
5157	16.05.2011	11	11.8	13.6	1220
5159	16.05.2011	11	22.5	17.7	1221
5160	16.05.2011	11	17.6	15.9	1221
5161	16.05.2011	11	22.4	16.9	1221
5163	16.05.2011	11	25.3	17.5	1222
5164	16.05.2011	11	26.2	16.9	1222
5165	16.05.2011	11	22.5	16	1222
5166	16.05.2011	11	13.6	16	1222
5168	16.05.2011	11	25.9	17.4	1223
5169	16.05.2011	11	22.7	16.8	1223
5170	16.05.2011	11	25.2	17	1223
5171	16.05.2011	11	27.1	18.3	1224
5172	16.05.2011	11	24.7	18	1224
5179	17.05.2011	11	22.8	19.1	1226
5180	17.05.2011	11	23.8	18.9	1226
5181	17.05.2011	11	20.1	17.9	1226
5182	17.05.2011	11	18.4	18.5	1227
5183	17.05.2011	11	22.2	17.7	1227
5184	17.05.2011	11	21.1	16.3	1227
5185	17.05.2011	11	24.3	19.1	1227
5186	17.05.2011	11	22.3	17.9	1295
5187	17.05.2011	11	12.2	15.5	1295
5188	24.07.2011	11	22.1	18.1	1317
5189	17.05.2011	11	18.9	17.3	1295
5190	17.05.2011	11	19.8	17.7	1295
5191	17.05.2011	11	26.3	17.6	1229
5195	16.05.2011	11	22.1	17	1230
5196	16.05.2011	11	20.9	17.4	1230
5197	16.05.2011	11	22.8	16.9	1230
5198	16.05.2011	11	19.4	16.4	1230
5200	18.05.2011	11	14.3		1231
5201	18.05.2011	11	10.4		1231
5202	18.05.2011	11	21.7	18	1231
5203	18.05.2011	11	26.3	18	1232
5204	18.05.2011	11	28.3	17.8	1232
5206	19.05.2011	11	28.8	18.7	1233
5209	19.05.2011	11	22.3	16.3	1235
5210	19.05.2011	11	14.6	14.9	1235
5211	19.05.2011	11	20.7	17.7	1235
5212	19.05.2011	11	22.2	15.9	1235
5214	20.05.2011	11	23.5	17.9	1236
5215	20.05.2011	11	24.1	18.7	1236
5216	20.05.2011	11	22.4	17.9	1236
5217	20.05.2011	11	23.4	16.5	1237
5218	20.05.2011	11	24.7	16	1237
5220	20.05.2011	11	11.7	15.9	1238
5221	20.05.2011	11	22.7	17.7	1238
5222	20.05.2011	11	23.6	17.9	1238
5223	20.05.2011	11	20.7	17.2	1238
5227	19.05.2011	11	16.2	16	1239
5228	19.05.2011	11	18.6	16.1	1239
5229	19.05.2011	11	18.2	16.6	1239
5230	19.05.2011	11	13.7	14.9	1240
5231	19.05.2011	11	21.2	17.7	1240
5232	19.05.2011	11	17.8	15.8	1240
5238	19.05.2011	11	23.6	18.9	1242
5239	19.05.2011	11	24.4	18.6	1242
5242	24.05.2011	11	23.3	15.4	1243
5243	24.05.2011	11	19.8	16.1	1243
5244	24.05.2011	11	22.2	16.8	1244
5245	24.05.2011	11	21.9	18	1244
5246	24.05.2011	11	9.8	14.9	1244
5249	31.05.2011	11	23.7	18.2	1246
5259	04.06.2011	11	23.3	17.8	1249
5261	04.06.2011	11	28	18.4	1249
5262	04.06.2011	11	19.2	18.4	1248
5263	04.06.2011	11	23.7	18	1248
5264	04.06.2011	11	19.1	16.8	1248
5266	05.06.2011	11	17.3	16.9	1251
5267	05.06.2011	11	23.2	18.1	1251
5268	05.06.2011	11	21.2	18.4	1250
5269	05.06.2011	11	22.4	18.6	1250
5270	05.06.2011	11	18	17	1250
5271	05.06.2011	11	12.5	15.4	1251
5272	05.06.2011	11	21.5	17.7	1251
5277	09.06.2011	11	24.3	17.63	1254
5278	09.06.2011	11	26.8	18.8	1254
5284	09.06.2011	11	23	19.4	1252
5285	09.06.2011	11	21.5	18.4	1252
5286	09.06.2011	11	21.7	18.8	1254
5288	10.06.2011	11	22	17.4	1257
5289	10.06.2011	11	22.5	17.7	1255
5290	10.06.2011	11	20.9	18	1257
5292	10.06.2011	11	25.2	19.1	1256
5293	10.06.2011	11	26.6	17.9	1256
5294	10.06.2011	11	24.9	19	1256
5295	10.06.2011	11	20.7	17.5	1255
5296	10.06.2011	11	22.3	17.3	1255
5297	10.06.2011	11	21.1	16.6	1255
5299	11.06.2011	11	22.8	17.7	1258
5300	11.06.2011	11	19.5	16.8	1258
5302	11.06.2011	11	21.1	17.1	1258
5305	16.06.2011	11	21.6	16.2	1260
5306	16.06.2011	11	13		1260
5308	16.06.2011	11	26.4	18.8	1259
5310	16.06.2011	11	29.3	18.6	1259
5311	16.06.2011	11	19.3		1259
5312	16.06.2011	11	24.1	19.1	1261
5313	16.06.2011	11	23.8	18	1261
5314	16.06.2011	11	23.7	19	1261
5317	22.07.2011	11	22.1	17.3	1318
5318	19.06.2011	11	24.1	18.1	1263
5319	19.06.2011	11	26.2	19	1263
5320	19.06.2011	11	23.8	18.2	1263
5321	19.06.2011	11	5.7		1263
5322	19.06.2011	11	26.3	19.1	1263
5328	22.06.2011	11	26.7	19	1264
5329	22.06.2011	11	27.5	18.9	1264
5330	22.06.2011	11	21	18.8	1264
5331	22.06.2011	11	21.5	17.4	1265
5332	22.06.2011	11	21.3	17.4	1265
5333	22.06.2011	11	18.4	17.3	1265
5335	22.06.2011	11	22.8	16.4	1266
5336	22.06.2011	11	26.2	16.2	1266
5337	22.06.2011	11	26.7	17	1266
5338	22.07.2011	11	19.8	16.7	1318
5339	23.06.2011	11	19.1	16.1	1268
5340	23.06.2011	11	24	17.3	1268
5341	23.06.2011	11	22.4	17.7	1268
5342	23.06.2011	11	25.8	18.1	1267
5343	23.06.2011	11	24	15.7	1267
5344	23.06.2011	11	19.7	15.5	1267
5345	23.06.2011	11	26.9	17.9	1269
5346	24.06.2011	11	20.1	16.5	1271
5347	24.06.2011	11	24.8	18	1271
5348	24.06.2011	11	16.3	14.8	1271
5349	24.06.2011	11	26	17.5	1271
5350	24.06.2011	11	23.6	18	1271
5351	24.06.2011	11	26.5	19.1	1270
5352	24.06.2011	11	25.4	18.6	1270
5353	24.06.2011	11	22.3	17	1270
5354	24.06.2011	11	25.6	19.1	1270
5355	24.06.2011	11	23.7	18	1270
5356	24.06.2011	11	23.2	17.5	1273
5357	24.06.2011	11	24.2	18.1	1273
5358	24.06.2011	11	19.5	17	1273
5359	24.06.2011	11	22.5	17.9	1272
5360	24.06.2011	11	25.8	18.3	1272
5362	24.06.2011	11	16	15.5	1274
5363	24.06.2011	11	22.5	18.1	1274
5365	24.06.2011	11	8.2		1274
5366	25.06.2011	11	19.5	16.43	1276
5367	25.06.2011	11	23.3	17.26	1276
5368	25.06.2011	11	21.2	16.7	1276
5369	25.06.2011	11	22.8	16.7	1276
5370	25.06.2011	11	16	16.6	1275
5371	25.06.2011	11	24.1	18.7	1275
5372	25.06.2011	11	22	17.8	1275
5373	25.06.2011	11	8.7		1275
5374	25.06.2011	11	20.9	18.6	1277
5375	25.06.2011	11	22.5	18.9	1277
5376	25.06.2011	11	22.4	18.9	1277
5377	25.06.2011	11	22.1	19.3	1277
5378	25.06.2011	11	25.3	18.5	1279
5379	25.06.2011	11	25.6	18.1	1279
5380	25.06.2011	11	25.4	18.1	1279
5384	25.06.2011	11	25.3	18.7	1278
5385	25.06.2011	11	24.8	18.1	1278
5386	25.06.2011	11	24.8	18.3	1278
5387	25.06.2011	11	25.7	19	1278
5393	26.06.2011	11	22.5	17.4	1282
5394	26.06.2011	11	22.9	17.3	1282
5396	26.06.2011	11	22.6	18.5	1281
5397	26.06.2011	11	23.3	19.4	1281
5398	26.06.2011	11	24.5	19.4	1281
5404	23.06.2011	11	21.6	16.7	1267
5406	23.06.2011	11	14.6	15.2	1268
5407	27.06.2011	11	22.9	17.6	1284
5408	27.06.2011	11	23.1	17.5	1284
5409	27.06.2011	11	21.7	17.8	1284
5422	25.06.2011	11	22.9	18.1	1296
5423	25.06.2011	11	21.3	17.9	1296
5424	25.06.2011	11	22.7	17.7	1296
5426	29.06.2011	11	22.6	18.4	1289
5428	29.06.2011	11	24.6	17.7	1289
5429	29.06.2011	11	16.7	14.8	1289
5434	28.06.2011	11	19.1	16.8	1287
5437	01.07.2011	11	24.2	18.4	1291
5438	01.07.2011	11	22.2	18.4	1291
5439	01.07.2011	11	21.1	18.4	1291
5440	01.07.2011	11	19.8	17	1291
5441	02.07.2011	11	19.5	16	1292
5442	02.07.2011	11	19.3	17.6	1292
5443	02.07.2011	11	21.4	16.8	1292
5447	03.07.2011	11	28.9	18.9	1293
5448	03.07.2011	11	28.3	18.4	1293
5449	03.07.2011	11	25.6	18.7	1293
5454	09.06.2011	11	12.2	16.7	1297
5455	09.06.2011	11	23.8	19.9	1297
5466	10.07.2011	11	26.5	18.9	1300
5467	10.07.2011	11		19.5	1300
5468	10.07.2011	11	23.4	18.6	1300
5469	10.07.2011	11	22.5	19.2	1300
5470	10.07.2011	11	22.4	17.2	1300
5472	11.07.2011	11	22.9	17.8	1303
5473	11.07.2011	11	21.9	18	1303
5475	11.07.2011	11	16.6	16	1302
5476	11.07.2011	11	20.9	17.5	1303
5480	13.07.2011	11	26.4	19	1306
5482	13.07.2011	11	26	17	1306
5483	13.07.2011	11	26.4	18.5	1305
5484	13.07.2011	11	23.6	17.9	1305
5485	13.07.2011	11	21.7	17.1	1306
5488	14.07.2011	11	25.4	18.4	1308
5489	14.07.2011	11	27.1	19.2	1308
5490	14.07.2011	11	25	18.7	1308
5492	14.07.2011	11	27.9	18.8	1307
5493	14.07.2011	11	25.7	17.8	1307
5499	16.07.2011	11	21.5	14.9	1310
5500	16.07.2011	11	23.2	14.8	1310
5501	16.07.2011	11	27.1	17.8	1309
5503	16.07.2011	11	25.1	18	1309
5504	16.07.2011	11	26	18.3	1309
5509	18.07.2011	11	21.1	17.9	1311
5510	18.07.2011	11	25.4	18.8	1311
5511	18.07.2011	11	25.5	18.9	1311
5515	15.07.2011	11	20.6	16.9	1313
5516	15.07.2011	11	18	16.4	1313
5517	15.07.2011	11	22.1	17.6	1313
5523	19.07.2011	11	19.8	17.2	1314
5524	19.07.2011	11	13.1	16.6	1314
5525	19.07.2011	11	24.3	17.7	1314
5526	20.07.2011	11	26.3	19.4	1315
5527	20.07.2011	11	25.4	18.7	1315
5532	27.07.2011	11	21.8	18.2	1320
5533	27.07.2011	11	23.8	18.4	1320
5534	27.07.2011	11	23.6	18.7	1320
5536	28.07.2011	11	21.9		1321
5537	28.07.2011	11	22.1		1321
5543	31.07.2011	11	22.4	18.3	1324
5544	31.07.2011	11	16.8	17.7	1324
5545	31.07.2011	11	15.1	16.7	1324
5547	31.07.2011	11	25.3	18.9	1323
5548	31.07.2011	11	22.8	19.1	1323
5549	31.07.2011	11	23	18.2	1323
5550	31.07.2011	11	26.7	19.2	1326
5551	31.07.2011	11	25.2	18.9	1326
5553	31.07.2011	11	11.4	14.5	1326
5554	31.07.2011	11	25	18.9	1325
5555	31.07.2011	11	24.8	18.4	1325
5556	31.07.2011	11	25.4	19	1325
5557	31.07.2011	11	25.7	19.3	1325
5558	31.07.2011	11	21.9	18.3	1328
5559	31.07.2011	11	15.7	18	1328
5560	31.07.2011	11	17	17.5	1328
5562	31.07.2011	11	17.8	17.8	1327
5564	31.07.2011	11	23.2	18.7	1327
5565	31.07.2011	11	24.6	18.3	1327
5567	31.07.2011	11	25.6	18.7	1329
5568	01.08.2011	11	21.1	16.2	1331
5569	01.08.2011	11	20.3	16	1331
5571	01.08.2011	11	25.2	18.5	1330
5572	01.08.2011	11	24.2	18.1	1330
5579	02.08.2011	11	20.1	15.4	1334
5580	02.08.2011	11	24.7	18.1	1334
5582	03.08.2011	11	24	18.4	1335
5583	03.08.2011	11	19.6	17.6	1335
5584	03.08.2011	11	23.2	17	1335
5587	05.08.2011	11	23.5	19.5	1336
5588	05.08.2011	11	25.9	18.9	1336
5589	05.08.2011	11	23.8	19.1	1336
5601	09.08.2011	11	23.6	17.4	1338
5602	09.08.2011	11	19.5	16.7	1338
5603	09.08.2011	11	25.1	17.7	1338
5606	11.08.2011	11	23.8	18.5	1339
5607	11.08.2011	11	24.8	18.2	1339
5608	11.08.2011	11	23.4	17.2	1339
5609	11.08.2011	11	26.6	19.3	1340
5611	11.08.2011	11	22.1	18.5	1340
5626	15.08.2011	11	24.4	18.4	1345
5628	15.08.2011	11	22.4	18	1345
5632	16.08.2011	11	20.7	17.6	1347
5633	16.08.2011	11	21.2	17.4	1347
5635	16.08.2011	11	27.9	19.4	1346
5636	16.08.2011	11	26	18.7	1346
5638	17.08.2011	11	22.6	17.4	1348
5640	17.08.2011	11	18	17	1348
5652	19.08.2011	11	21.7	17.3	1350
5653	19.08.2011	11	22	16.2	1350
6250	04.06.2012	11	24.3	18.3	1359
6251	04.06.2012	11	25.8	17.6	1359
6254	05.06.2012	11	23.1	16.5	1360
6258	07.06.2012	11	23.8	18.4	1363
6259	07.06.2012	11	24	17.7	1363
6260	07.06.2012	11	20	17.9	1363
6262	09.06.2012	11	14.2	16.4	1362
6263	09.06.2012	11	22.8	19.3	1362
6264	09.06.2012	11	18.9	18.4	1362
6265	09.06.2012	11	12.4	15.8	1362
6267	10.06.2012	11	24.1	17.5	1364
6268	10.06.2012	11	24.9	18.3	1365
6269	10.06.2012	11	26	18.8	1364
6270	10.06.2012	11	22.9	18.6	1364
6271	10.06.2012	11	22.7	17.8	1365
6272	10.06.2012	11	24.7	18.4	1364
6275	09.06.2012	11	23.6	17.3	1382
6279	12.06.2012	11	24.5	18.9	1367
6280	12.06.2012	11	25.1	19.1	1367
6281	12.06.2012	11	23.6	18.4	1367
6282	12.06.2012	11	19.9	16.9	1367
6283	11.06.2012	11	23.6	16.4	1366
6284	11.06.2012	11	24	17.2	1366
6285	11.06.2012	11	20.6	14.7	1366
6286	11.06.2012	11	21.9	17.3	1368
6289	11.06.2012	11	22.2	16.6	1368
6290	13.06.2012	11	27	19	1373
6291	13.06.2012	11	27.1	18.9	1373
6292	13.06.2012	11	24.8	18	1373
6293	13.06.2012	11	27.6	18	1369
6294	13.06.2012	11		16.4	1369
6295	13.06.2012	11	20	16.7	1369
6303	14.06.2012	11	19	17	1377
6307	14.06.2012	11	25.4	18.6	1372
6308	14.06.2012	11	24.4	18.4	1372
6309	14.06.2012	11	23	18.2	1372
6310	14.06.2012	11	21.8	17.6	1371
6313	14.06.2012	11	19.2	17.3	1372
6314	14.06.2012	11	21.8	17.8	1372
6344	21.06.2012	11	26.2		1383
6345	21.06.2012	11	25.4		1383
6349	27.06.2012	11	19.3	15.6	1384
6357	29.06.2012	11	23.8	17.5	1388
6358	29.06.2012	11	21.8	18.3	1388
6359	29.06.2012	11	14.6	14.7	1388
6365	30.06.2012	11	23.1	17.2	1386
6370	01.07.2012	11	20.5	17.3	1387
6371	01.07.2012	11	21	18.4	1387
6374	10.07.2012	11	23.6	18.3	1393
6375	10.07.2012	11	22.1	18.8	1395
6376	10.07.2012	11	20.9	17.7	1395
6377	10.07.2012	11	21.6	17.1	1395
6379	10.07.2012	11	19.9	17.5	1393
6380	10.07.2012	11	21.4	17.1	1393
6381	10.07.2012	11	19.1	18	1393
6383	10.07.2012	11	24.9	18.5	1394
6384	10.07.2012	11	23.4	18.7	1394
6385	10.07.2012	11	24.7	18.6	1396
6386	10.07.2012	11	24.7	19.3	1396
6387	10.07.2012	11	23.9	18.7	1394
6391	11.07.2012	11	29.5	19.4	1389
6392	11.07.2012	11	27	18.7	1389
6393	11.07.2012	11	27.4	16.3	1397
6403	13.07.2012	11	27.7	18.1	1398
6404	13.07.2012	11	24.5	18.8	1398
6405	13.07.2012	11	24.7	18.6	1398
6415	18.07.2012	11	23	18.2	1415
6416	18.07.2012	11	24.7	19	1415
6417	18.07.2012	11	21	17.8	1415
6420	19.07.2012	11	23.9	18.4	1405
6421	19.07.2012	11	23.8	18.3	1405
6422	19.07.2012	11	25.4	19.3	1405
6423	19.07.2012	11	15.4	15.7	1405
6425	19.07.2012	11	27.8	18.1	1406
6427	19.07.2012	11	23.7	17.2	1404
6428	19.07.2012	11	18.2	16	1404
6429	19.07.2012	11	20.2	16.8	1404
6433	22.07.2012	11	24.7	19.1	1409
6434	21.07.2012	11	24.8	18.9	1408
6435	21.07.2012	11	22.3	18	1408
6436	21.07.2012	11	24.3	18.7	1408
6438	20.07.2012	11	24.5	18.8	1407
6439	20.07.2012	11	26	19.7	1407
6440	20.07.2012	11	26	18.9	1407
6442	22.07.2012	11	24.7	19	1409
6445	23.07.2012	11	22.5	16.9	1410
6447	23.07.2012	11	24.4	17.5	1410
6451	24.07.2012	11	25.2	18.5	1419
6452	24.07.2012	11	26.8	17.8	1419
6453	24.07.2012	11	23.6	17.9	1419
6454	25.07.2012	11	24.1	17.4	1412
6455	25.07.2012	11	24.9	19	1412
6456	25.07.2012	11	20.8	17.8	1412
6457	25.07.2012	11	19.8	16.1	1412
6458	25.07.2012	11	25.1	19.2	1418
6459	25.07.2012	11	22.1	17.8	1418
6460	25.07.2012	11	24.7	18.9	1413
6461	25.07.2012	11	22.7	18	1413
6462	25.07.2012	11	23.4	19.5	1413
6463	25.07.2012	11	21.8	17.2	1413
6465	26.07.2012	11	23.9	19.6	1417
6466	26.07.2012	11	26.8	19.6	1414
6472	26.07.2012	11	25.6	19.4	1417
6473	26.07.2012	11	25.9	18.6	1417
6476	25.07.2012	11	17.1	16.1	1412
6480	28.07.2012	11	23.8	18.5	1421
6484	29.07.2012	11	21.7	16.9	1420
6489	28.07.2012	11	24.2	17.4	1421
6502	04.08.2012	11	23.6	18	1423
6503	04.08.2012	11	25	18.7	1423
6505	04.08.2012	11	17.4	16	1423
6509	08.08.2012	11	20.9	18.4	1426
6510	08.08.2012	11	21.9	17.8	1426
6511	08.08.2012	11	20.6	17	1426
6512	08.08.2012	11	18	16.2	1426
6515	11.08.2012	11	25.5	17.2	1427
6517	11.08.2012	11	29	19.5	1427
6518	11.08.2012	11	28	18.5	1427
6519	11.08.2012	11	22.7	17.8	1428
6520	11.08.2012	11	19.5	18.1	1428
6521	15.08.2012	11	23.9	19.3	1429
6522	16.08.2012	11	23	18	1430
6523	16.08.2012	11	24.5	17.9	1430
6524	18.08.2012	11	25.1	19.4	1431
6525	18.08.2012	11	24.8	19	1431
6526	18.08.2012	11	27.8	19.4	1432
6527	18.08.2012	11	25.9	19.9	1432
6528	18.08.2012	11	24.8	18.5	1432
6529	18.08.2012	11	25.9	18.6	1432
6530	18.08.2012	11	23.1	18.7	1433
6531	18.08.2012	11	20.6	19	1433
6532	18.08.2012	11	26.6	18.8	1434
6533	18.08.2012	11	24.5	18.9	1434
6534	18.08.2012	11	16.6	18	1433
6535	19.08.2012	11	27.6	19.2	1435
6536	19.08.2012	11	29.8	19.6	1435
6537	19.08.2012	11	21.9	18.3	1435
6541	19.08.2012	11	25.3	18.2	1435
6547	18.08.2012	11	15.3	17.2	1433
6548	18.08.2012	11	27.2	20	1432
6549	18.08.2012	11	24.9	18.5	1434
6551	24.08.2012	11	17.7	17.7	1437
6552	23.08.2012	11	28.1	19	1436
6553	23.08.2012	11	27.8	19.4	1436
6554	23.08.2012	11	26.1	19.6	1441
6555	23.08.2012	11	23.7	19.8	1451
6556	23.08.2012	11	24.7	20	1451
6557	23.08.2012	11	22.5	19.4	1451
6558	23.08.2012	11	24.9	19.2	1441
6559	23.08.2012	11	22.1	18.9	1441
6560	23.08.2012	11	18.8	17.9	1441
6561	23.08.2012	11	21	18.4	1441
6562	23.08.2012	11	21.8	16.2	1436
6563	24.08.2012	11	26.2	19.5	1437
6564	24.08.2012	11	22.1	18.9	1437
6565	23.08.2012	11	22.1	18.8	1451
6566	25.08.2012	11	26.9		1440
6567	25.08.2012	11	24.8		1440
6568	27.08.2012	11	21.9	17.6	1445
6569	27.08.2012	11	20.1	17.6	1445
6570	27.08.2012	11	20.6	16.5	1445
6577	26.08.2012	11	21.7	17.9	1439
6579	26.08.2012	11	23.7	17.7	1439
6580	26.08.2012	11	19	17.7	1439
6581	27.08.2012	11	25.8	18.5	1443
6582	27.08.2012	11	25.5	18.9	1443
6583	27.08.2012	11	22.4	18.6	1443
6584	27.08.2012	11	25.6	18.4	1442
6585	27.08.2012	11	23.8	17.8	1442
6586	27.08.2012	11	18.6	16.9	1442
6589	27.08.2012	11	24.3	19.2	1444
6590	27.08.2012	11	23.1	18.1	1444
6591	27.08.2012	11	23.3	18.1	1444
6592	27.08.2012	11	17.6	17	1442
6599	29.08.2012	11	21.5	18.5	1447
6601	29.08.2012	11	22.5	18.3	1447
6602	29.08.2012	11	19.8	17.2	1447
6662	11.05.2013	11	12.8	13.7	1460
6665	13.05.2013	11	11.9	13.3	1468
6672	14.05.2013	11	18.2	16.8	1466
6674	14.05.2013	11	9.3		1464
6676	14.05.2013	11	14.5	15.4	1473
6678	14.05.2013	11	17.3	16.4	1473
6679	14.05.2013	11	13	15.6	1466
6680	14.05.2013	11	21.3	16.9	1466
6687	16.05.2013	11	21.7	17.9	1463
6688	16.05.2013	11	18.9	16.5	1463
6689	16.05.2013	11	24.3	18.6	1463
6690	16.05.2013	11	19.3	15.5	1463
6698	17.05.2013	11	23.3	18	1471
6700	17.05.2013	11	19.8	16.4	1471
6703	17.05.2013	11	20	17	1475
6704	17.05.2013	11	19.9	16.1	1475
6707	17.05.2013	11	19.5	16.7	1470
6709	17.05.2013	11	18.3	15.4	1475
6716	18.05.2013	11	16.6	16.7	1479
6718	18.05.2013	11	14.4		1476
6719	18.05.2013	11	20.2	17.4	1472
6723	18.05.2013	11	17	15.3	1479
6724	18.05.2013	11	18.4	16.6	1479
6729	19.05.2013	11	16.6	16.2	1482
6733	19.05.2013	11	12.9	14.2	1477
6741	18.05.2013	11	16.6	14.4	1485
6752	30.05.2013	11	20.3	17.4	1492
6753	30.05.2013	11	15.6	15.6	1492
6754	30.05.2013	11	23	17.7	1492
6755	30.05.2013	11	20.1	16.8	1492
6760	31.05.2013	11	21.1	17.2	1488
6763	31.05.2013	11	21.6	16.8	1486
6765	31.05.2013	11	22	17.6	1486
6768	02.06.2013	11	23.1	17.8	1490
6769	02.06.2013	11	21.6	16.5	1490
6772	03.06.2013	11	25.1	18.4	1494
6774	03.06.2013	11	14.3	15.5	1489
6776	03.06.2013	11	18.7	15.7	1489
6778	03.06.2013	11	23.9	18.4	1498
6779	03.06.2013	11	22.7	16.7	1498
6780	03.06.2013	11	25.4	18.6	1498
6782	04.06.2013	11	10.5		1495
6783	04.06.2013	11	18.6	16.8	1495
6786	04.06.2013	11	20.6	17.8	1499
6788	04.06.2013	11	23.8	18.4	1497
6789	04.06.2013	11	27.3	19.1	1497
6790	04.06.2013	11	25.1	18.7	1497
6791	05.06.2013	11	15.7	17.5	1500
6793	05.06.2013	11	17.6	16.6	1500
6794	05.06.2013	11	20.1	17.2	1500
6795	05.06.2013	11	21.9	18	1500
6804	08.06.2013	11	16.5	16	1501
6805	08.06.2013	11	9.7		1501
6806	08.06.2013	11	20.8	16.8	1503
6807	08.06.2013	11	22.4	17.4	1503
6808	08.06.2013	11	19.5	16.6	1501
6812	09.06.2013	11	23.3	19.1	1505
6813	09.06.2013	11	23.2	19	1505
6814	10.06.2013	11	23.6	17.3	1507
6815	11.06.2013	11	19.3	18.5	1511
6816	11.06.2013	11	22.7	17.2	1511
6817	11.06.2013	11	23.7	18.1	1511
6824	12.06.2013	11	14.7	15.8	1509
6825	12.06.2013	11	11	13.1	1509
6828	13.06.2013	11	9.8	13.5	1510
6829	13.06.2013	11	20.1	16.7	1510
6830	13.06.2013	11	25.2	17.9	1515
6831	13.06.2013	11	24.9	18.8	1515
6832	13.06.2013	11	25.4	18.8	1515
6833	13.06.2013	11	23.1	17.4	1512
6835	13.06.2013	11	14	14.9	1512
6836	13.06.2013	11	14.7	16.7	1515
6841	14.06.2013	11	21.7	18.4	1513
6842	14.06.2013	11	24.7	19	1513
6843	14.06.2013	11	22.3	16.7	1513
6845	14.06.2013	11	21	17.9	1514
6846	14.06.2013	11	17.8	17.1	1514
6847	14.06.2013	11	24.3	19.4	1514
6848	14.06.2013	11	20.8	18.4	1514
6850	14.06.2013	11	23.7	16.2	1517
6854	11.06.2013	11	20.1	16.7	1511
6859	15.06.2013	11		16.6	1518
6860	15.06.2013	11	18.2	17	1518
6862	15.06.2013	11	20.8	17	1525
6863	15.06.2013	11	21.7	17.6	1525
6864	15.06.2013	11	20.1	16.9	1525
6865	16.06.2013	11	21.3	18.2	1523
6866	16.06.2013	11	21.4	18.8	1523
6868	16.06.2013	11	20.7		1524
6869	16.06.2013	11	22.4	18.2	1522
6870	16.06.2013	11	22.6		1524
6871	16.06.2013	11	24.7		1524
6877	17.06.2013	11	20.4	16.9	1527
6878	17.06.2013	11	19	16.5	1527
6882	17.06.2013	11	24.6	17.8	1540
6884	17.06.2013	11	22.3	17	1526
6885	17.06.2013	11	23.7	17.7	1527
6886	17.06.2013	11	19.6	17.5	1527
6888	18.06.2013	11	23	18.1	1528
6890	18.06.2013	11	21.6	16.8	1528
6892	18.06.2013	11	22.5	20.1	1545
6893	18.06.2013	11	24.8	19.5	1545
6894	18.06.2013	11	21.4	18.2	1545
6895	18.06.2013	11	23.8	17	1545
6896	18.06.2013	11	21.6	17.5	1539
6897	18.06.2013	11	21.7	17.1	1539
6898	18.06.2013	11	21.8	18.5	1539
6899	18.06.2013	11	12	13.8	1539
6904	19.06.2013	11	15.6	16.5	1546
6905	19.06.2013	11	19	17.1	1546
6906	19.06.2013	11	16.9	16.2	1546
6907	19.06.2013	11	22.1	16.6	1535
6910	19.06.2013	11	24.5	18.4	1530
6911	19.06.2013	11	16.7	16.1	1530
6912	19.06.2013	11	25.8	19.3	1530
6913	19.06.2013	11	25.4	18.9	1534
6914	19.06.2013	11	24.7	19.6	1534
6915	19.06.2013	11	25.7	18.7	1534
6916	19.06.2013	11	21.8	18.4	1530
6918	19.06.2013	11	23.3	18.1	1538
6919	19.06.2013	11	26.8	19.6	1538
6920	19.06.2013	11	20.3	18.4	1529
6921	19.06.2013	11	25.3	19.5	1529
6922	19.06.2013	11	25.1	18.9	1529
6923	19.06.2013	11	23.6	18.9	1529
6928	20.06.2013	11	25.3	18.7	1531
6929	20.06.2013	11	21.8	18.2	1531
6930	20.06.2013	11	24	17.4	1537
6931	20.06.2013	11	20.7	15.9	1537
6932	20.06.2013	11	25.7	18.7	1536
6933	20.06.2013	11	18.2	15.5	1536
6934	20.06.2013	11	25.2	19	1531
6935	20.06.2013	11	23.6	18.8	1531
6946	23.06.2013	11	24.8	19	1548
6947	23.06.2013	11	22.2	17.9	1548
6948	23.06.2013	11	24.4	19.2	1548
6949	23.06.2013	11	24.1	18.5	1548
6951	23.06.2013	11	22.9	17.6	1547
6952	23.06.2013	11	18.8	16.4	1547
6954	23.06.2013	11	22.5	18.4	1547
6955	23.06.2013	11	24.2	17.9	1547
6961	25.06.2013	11	23.5	17.8	1551
6962	25.06.2013	11		19.4	1551
6963	25.06.2013	11	23.6	18.1	1551
6964	25.06.2013	11	14.4	16.2	1552
6965	25.06.2013	11	25.1	18.3	1552
6966	25.06.2013	11	24.6	18.7	1552
6967	25.06.2013	11	24.3	18.6	1552
6971	26.06.2013	11	25.1	18.2	1553
6974	26.06.2013	11	26.3	18.7	1556
6976	26.06.2013	11	24.8	18.4	1556
6977	26.06.2013	11	24.7	18.8	1553
6978	28.06.2013	11	21.5	16.5	1558
6979	28.06.2013	11	23.8	17.9	1559
6980	28.06.2013	11	18.6	15.9	1558
6981	28.06.2013	11	12.8	13.9	1558
6982	28.06.2013	11	23.3	18	1557
6983	28.06.2013	11	23.7	18.7	1557
6984	28.06.2013	11	23.9	18.1	1557
6985	28.06.2013	11	25.5	17.5	1559
6986	28.06.2013	11	24.1	18.8	1559
6987	28.06.2013	11	23.9	18.7	1557
6991	29.06.2013	11	22.8	17.7	1560
6993	29.06.2013	11	21.7	19.2	1560
6994	29.06.2013	11	23.9	18.8	1560
6995	30.06.2013	11	20.1	17.1	1561
6996	30.06.2013	11	20.6	17.4	1561
6997	30.06.2013	11	11.8	14.5	1561
6999	01.07.2013	11	20.8	16.9	1562
7000	01.07.2013	11	26	18.7	1562
7002	01.07.2013	11	26.5	18.6	1562
7005	02.07.2013	11	24.7	18.2	1563
7011	03.07.2013	11	27.6	19	1564
7012	03.07.2013	11	25.8	18.8	1564
7015	05.07.2013	11	20.6	17	1566
7025	09.07.2013	11	21.5	18.1	1570
7026	09.07.2013	11	22.6	17.4	1570
7027	09.07.2013	11	23.2	17.9	1570
7028	09.07.2013	11	22.6	18	1570
7030	11.07.2013	11	16	16.3	1571
7031	11.07.2013	11	21.6	18.6	1571
7032	11.07.2013	11	23.6	18.8	1571
7033	11.07.2013	11	20.5	18	1571
7034	11.07.2013	11	19	18.2	1571
7038	12.07.2013	11	22.5		1572
7040	12.07.2013	11	21		1572
7042	12.07.2013	11	20.6		1572
7046	15.07.2013	11	22.3	17.6	1574
7047	15.07.2013	11	12.7	14.2	1574
7048	15.07.2013	11	17.2	16.3	1574
7053	16.07.2013	11	19.7	15.9	1576
7060	17.07.2013	11	22.2	18.4	1579
7061	17.07.2013	11	23.1	18.3	1579
7062	18.07.2013	11	17.4	16.7	1577
7064	18.07.2013	11	26	19.4	1580
7065	18.07.2013	11	21.9	17.5	1580
7066	18.07.2013	11	22.1	18.1	1578
7067	18.07.2013	11	20.8	18.6	1578
7068	18.07.2013	11	20.9	18.1	1577
7069	18.07.2013	11	22	18.9	1577
7071	19.07.2013	11		18.6	1581
7072	19.07.2013	11	24.3	19.2	1581
7077	12.07.2013	11	12.7		1592
7078	12.07.2013	11	9		1592
7079	12.07.2013	11	20.2	16.2	1592
7080	12.07.2013	11	18.2	16.6	1592
7081	17.07.2013	11	19.9	16.8	1579
7086	21.07.2013	11	24.2	17.7	1583
7087	21.07.2013	11	23.8	17.7	1583
7088	21.07.2013	11	22.7	16.5	1583
7090	21.07.2013	11	18.4	17.7	1586
7091	21.07.2013	11	14.3	16.1	1586
7092	21.07.2013	11	21.2	17.7	1586
7094	21.07.2013	11	23.2	18.2	1583
7095	21.07.2013	11	23.6	19.2	1582
7096	22.07.2013	11	24.7	18	1585
7097	22.07.2013	11	22	17.2	1585
7098	22.07.2013	11	18.3	15	1585
7102	23.07.2013	11	22.5	17.5	1587
7103	23.07.2013	11	22.1	18.2	1587
7109	26.07.2013	11	22.5	18.1	1589
7110	26.07.2013	11	20.1	17.3	1589
7111	26.07.2013	11	20.2	17.1	1589
7112	26.07.2013	11	22.9	19.7	1590
7113	26.07.2013	11	17.9	16.8	1590
7114	26.07.2013	11	20.5	18.1	1590
7115	27.07.2013	11	20.3	17.1	1591
7116	27.07.2013	11	22.4	18.1	1591
7117	27.07.2013	11	21.2	18.4	1591
7119	28.07.2013	11	18	16.9	1595
7122	28.07.2013	11	21.7	17.7	1594
7123	28.07.2013	11	16	16.8	1594
7124	28.07.2013	11	21	16.7	1594
7130	29.07.2013	11	27.7	19.3	1598
7131	29.07.2013	11	26.7	18.9	1598
7132	29.07.2013	11	26.2	19.7	1599
7133	29.07.2013	11	25.2	18.3	1596
7135	29.07.2013	11	16.9	16.9	1601
7136	29.07.2013	11	18.9	18.2	1601
7137	29.07.2013	11	22.5	18.4	1601
7139	29.07.2013	11	8.8		1609
7141	29.07.2013	11	22.1	15.9	1609
7144	29.07.2013	11	24.7	18.6	1602
7145	29.07.2013	11	16.7	18.4	1602
7146	29.07.2013	11	23.8	18.7	1602
7150	29.07.2013	11	23	18.4	1601
7152	30.07.2013	11	25.3	19.4	1610
7153	30.07.2013	11	25.1	18.7	1610
7154	30.07.2013	11	25.2	19.3	1610
7158	30.07.2013	11	23.5	18.3	1603
7159	30.07.2013	11	21.9	18.4	1603
7160	30.07.2013	11	24.3	18.6	1603
7164	31.07.2013	11	24.3	18.8	1606
7165	31.07.2013	11	23.6	18.9	1606
7167	31.07.2013	11	15.9	16.1	1607
7168	31.07.2013	11	16.4	15.5	1607
7170	31.07.2013	11	22.1	17	1605
7172	31.07.2013	11	20.2	16.9	1605
7177	31.07.2013	11	22.6	17.4	1604
7178	31.07.2013	11	19.8	16.7	1604
7184	01.08.2013	11	22.6	17.2	1612
7186	01.08.2013	11	11	14.9	1615
7187	01.08.2013	11	20.3	18.5	1612
7189	01.08.2013	11	15.4	15.5	1615
7200	02.08.2013	11	20.5	18.1	1629
7202	02.08.2013	11	18.6	17.7	1629
7203	02.08.2013	11	22.3	18.8	1611
7204	02.08.2013	11	11.6	14.9	1611
7205	02.08.2013	11	23.2	18.4	1611
7207	02.08.2013	11	21.3	17.5	1613
7208	02.08.2013	11	17.4	17.4	1613
7210	02.08.2013	11	22.5	19	1613
7213	03.08.2013	11	19.1	16.5	1616
7215	03.08.2013	11	24.3	17.7	1621
7216	03.08.2013	11	24.6	17.9	1618
7217	03.08.2013	11	22.5	16.6	1616
7218	04.08.2013	11	22.1	18.5	1617
7220	04.08.2013	11	24.9	18.9	1617
7221	04.08.2013	11	22.8	18.4	1620
7223	04.08.2013	11	21.7	17	1620
7229	05.08.2013	11	21.9	17.7	1623
7233	03.08.2013	11	16.3	16.3	1621
7239	07.08.2013	11	23.3	17.6	1626
7242	09.08.2013	11	24.7	18.3	1627
7243	09.08.2013	11	23.8	18.3	1627
7280	28.04.2014	11	10.3	15.6	1640
7281	28.04.2014	11	18.3	18.1	1640
7290	27.04.2014	11	11		1643
7294	27.04.2014	11	7.4		1643
7300	29.04.2014	11	15.7	15.4	1645
7301	29.04.2014	11	10.9	12.7	1645
7307	30.04.2014	11	8.8	11.8	1648
7309	30.04.2014	11	17	14.9	1648
7317	05.05.2014	11	12.3	14.2	1657
7319	05.05.2014	11	25.4	18.1	1657
7321	05.05.2014	11	20.8	16.8	1656
7331	07.05.2014	11	15.2	15.5	1663
7332	07.05.2014	11	6.5	11	1663
7333	07.05.2014	11	19.3	15.7	1663
7335	07.05.2014	11	15.3	15.4	1663
7336	08.05.2014	11	22.2	17.7	1646
7337	08.05.2014	11	14.6	15.7	1646
7338	08.05.2014	11	17.7	16.1	1646
7339	08.05.2014	11	21	17.3	1665
7340	08.05.2014	11	16.6	15.8	1665
7341	08.05.2014	11	14.3	15.7	1665
7342	08.05.2014	11	17.4	16.7	1665
7346	09.05.2014	11	19.2	18	1650
7347	09.05.2014	11	18.7	17.4	1650
7348	09.05.2014	11	17.7	17.2	1650
7349	10.05.2014	11	23.3	17.6	1651
7351	10.05.2014	11	9	12.4	1651
7352	10.05.2014	11	24.4	17.6	1651
7356	11.05.2014	11	17.5	17.2	1654
7357	11.05.2014	11	8.5	13.2	1654
7358	11.05.2014	11	24.2	18.5	1654
7366	13.05.2014	11	21	16.7	1653
7367	13.05.2014	11	10.6	13.2	1653
7369	15.05.2014	11	22.4	16.4	1660
7372	15.05.2014	11	10.4	13.5	1661
7376	17.05.2014	11	20.6	16.6	1664
7377	17.05.2014	11	17.9	16.7	1664
7380	17.05.2014	11	20.8	16.5	1659
7381	17.05.2014	11	21.7	16.8	1659
7383	17.05.2014	11	18.4	16.1	1659
7384	17.05.2014	11	13.1	12.8	1666
7389	18.05.2014	11	13.2	15.2	1667
7390	18.05.2014	11	22.8	17.3	1667
7391	19.05.2014	11	15.8	16.8	1696
7392	19.05.2014	11	19.2	16.9	1696
7393	19.05.2014	11	16.4	16.5	1696
7394	20.05.2014	11	25.8	17.9	1668
7397	21.05.2014	11	26.9	18.8	1670
7398	21.05.2014	11	26.1	18.2	1670
7400	21.05.2014	11	22.3	17.9	1670
7401	21.05.2014	11	11	13.5	1674
7402	21.05.2014	11	22	16.5	1674
7403	21.05.2014	11	19.8	16	1674
7405	21.05.2014	11	16.9	15.4	1700
7406	21.05.2014	11	20.5	16.9	1700
7407	21.05.2014	11	24.7	17.5	1700
7408	21.05.2014	11	17.5	15.9	1671
7409	21.05.2014	11	23	17.7	1671
7410	21.05.2014	11	23.6	17.3	1671
7411	21.05.2014	11	27.6	19.4	1678
7412	21.05.2014	11	25.1	18.3	1678
7414	21.05.2014	11	22.3	17.5	1699
7415	21.05.2014	11	23	17.7	1699
7417	22.05.2014	11	27.5	19.1	1673
7418	22.05.2014	11	25.2	18.5	1673
7423	22.05.2014	11	20.9	17.9	1672
7424	22.05.2014	11	19.9	17.6	1672
7425	22.05.2014	11	28	19.2	1676
7426	22.05.2014	11	26.7	18.7	1676
7427	22.05.2014	11	20.8	18.3	1672
7429	22.05.2014	11	14.3	15.1	1677
7430	22.05.2014	11	21.4	16.9	1677
7431	22.05.2014	11	17.6	15.7	1677
7437	23.05.2014	11	22.8	17.6	1685
7439	23.05.2014	11	19.2	16.4	1685
7440	23.05.2014	11	18.7	16.5	1685
7441	23.05.2014	11	26.2	18.3	1679
7443	23.05.2014	11	25.5	18.6	1679
7447	24.05.2014	11	25.4	18.9	1684
7449	24.05.2014	11	24.7	18.6	1684
7451	24.05.2014	11	23.2	17.4	1675
7452	24.05.2014	11	25	17.5	1675
7453	24.05.2014	11	20.5	16	1675
7457	24.05.2014	11	23.9	18.3	1683
7474	26.05.2014	11	10.9	15.2	1688
7475	26.05.2014	11	20.8	18.5	1688
7476	26.05.2014	11	16.9	17.3	1687
7477	26.05.2014	11	23.5	19.3	1687
7478	26.05.2014	11	22.1	18.4	1687
7479	26.05.2014	11	22.5	17	1709
7480	26.05.2014	11	24.8	17.4	1709
7484	26.05.2014	11	23.8	18.8	1707
7485	26.05.2014	11	25.5	18.7	1707
7488	26.05.2014	11	25	17.5	1707
7489	26.05.2014	11	23.1	18.1	1707
7490	26.05.2014	11	15.6	15.8	1710
7491	26.05.2014	11	13.1	15.6	1710
7492	26.05.2014	11	19.6	17.5	1710
7495	26.05.2014	11	20.7	18.142	1682
7496	26.05.2014	11	27.9	19.1	1682
7498	26.05.2014	11	17	17.3	1710
7500	27.05.2014	11	23.2	19.3	1690
7501	27.05.2014	11	26.1	18.5	1690
7503	27.05.2014	11		13.7	1692
7532	29.05.2014	11	25.7	18.2	1697
7533	29.05.2014	11	23.6	18.1	1697
7534	29.05.2014	11	28.5	19.3	1697
7535	29.05.2014	11	21.3	18.3	1697
7536	26.05.2014	11	23.5	17.5	1715
7538	26.05.2014	11	18.6	16.5	1715
7555	30.05.2014	11	27	19.3	1701
7559	31.05.2014	11	20.8	17.2	1702
7560	31.05.2014	11	24.2	19.5	1702
7562	31.05.2014	11	26.2	19.2	1702
7565	31.05.2014	11	21.3	17.7	1705
7566	31.05.2014	11	21.8	18.5	1705
7576	01.06.2014	11	26	18.5	1703
7581	01.06.2014	11	16.4	16.3	1698
7584	03.06.2014	11	27.1	18.1	1711
7585	03.06.2014	11	29.5	18.9	1711
7586	03.06.2014	11	29.9	19.3	1711
7587	03.06.2014	11	28.3	18	1711
7588	03.06.2014	11	26.6	19.2	1712
7589	03.06.2014	11	26.6	18.5	1712
7590	03.06.2014	11	27	18.8	1712
7591	03.06.2014	11	25.5	17.8	1712
7598	03.06.2014	11	24.1	18.8	1714
7599	03.06.2014	11	27.3	18.4	1714
7600	03.06.2014	11	21.8	18.7	1713
7601	03.06.2014	11	18	17	1713
7602	03.06.2014	11	21	18.7	1713
7603	03.06.2014	11	22.8	18.6	1713
7604	03.06.2014	11	20.9	17.4	1713
7611	05.06.2014	11	26.5	19.2	1720
7612	05.06.2014	11	22.4	18.4	1720
7622	07.06.2014	11	24	18	1719
7623	07.06.2014	11	17.2	17.4	1719
7624	07.06.2014	11	23.3	18.5	1719
7625	07.06.2014	11	23.3	18.7	1719
7626	09.06.2014	11	24.3	18.4	1730
7627	09.06.2014	11	24.6	18.4	1730
7628	09.06.2014	11	23.2	17.2	1730
7629	09.06.2014	11	23.1	18.3	1727
7630	09.06.2014	11	24.5	18.7	1727
7631	09.06.2014	11	25.2	17.8	1727
7632	09.06.2014	11	11.9	15	1730
7637	09.06.2014	11	24.8	18.3	1725
7638	09.06.2014	11	24.7	18.5	1725
7640	09.06.2014	11	27.2	19.4	1721
7644	10.06.2014	11	23	17.5	1726
7645	10.06.2014	11	23.5	18.2	1726
7650	11.06.2014	11	25.5	19.3	1732
7652	11.06.2014	11	26.5	18.7	1732
7657	05.06.2014	11	21.4	16.6	1720
7660	13.06.2014	11	22.1	18.2	1734
7661	13.06.2014	11	21.3	17.5	1734
7662	13.06.2014	11	22.5	17.3	1734
7663	13.06.2014	11	18.5	16	1734
7664	10.06.2014	11	21.4	16.5	1726
7665	13.06.2014	11	26.4	18.8	1747
7666	13.06.2014	11	26.1	18.3	1747
7678	15.06.2014	11	24.6	18.7	1735
7679	15.06.2014	11	22.4	18.6	1735
7680	15.06.2014	11	22.2	18.3	1735
7683	14.06.2014	11	22.7	17.4	1751
7684	14.06.2014	11	24.6	17.7	1751
7686	12.06.2014	11	25.2	18.4	1752
7687	12.06.2014	11	27.3	17.4	1752
7689	16.06.2014	11	20.9	18.4	1736
7690	16.06.2014	11	24.6	19.2	1736
7691	16.06.2014	11	26.5	18.7	1738
7692	16.06.2014	11	25.4	17.7	1738
7693	16.06.2014	11	23	16.5	1738
7694	16.06.2014	11	23.5	19.5	1737
7695	16.06.2014	11	23	19.3	1737
7696	16.06.2014	11	22.1	18.7	1737
7697	16.06.2014	11	24.2	19	1738
7698	17.06.2014	11	23.9	18.3	1740
7699	17.06.2014	11	21.8	17.5	1740
7700	17.06.2014	11	24	17.8	1740
7701	17.06.2014	11	19.8	16.5	1740
7702	17.06.2014	11	26.3	18.4	1742
7703	17.06.2014	11	26.7	18.9	1739
7704	17.06.2014	11	14.6	15.8	1739
7705	17.06.2014	11	24.4	18.2	1739
7706	17.06.2014	11	22.9	17.2	1740
7707	17.06.2014	11	21.7	18.8	1739
7712	18.06.2014	11	20.1	17.1	1743
7713	18.06.2014	11	23	18.7	1743
7714	18.06.2014	11	20.3	17.9	1743
7715	18.06.2014	11	13.2	15.6	1718
7717	18.06.2014	11	17.8	16.3	1718
7719	18.06.2014	11	22.1	18.5	1759
7721	18.06.2014	11	16.9	16.9	1759
7723	18.06.2014	11	23.3	18.8	1761
7724	18.06.2014	11	20.6	19	1761
7725	18.06.2014	11	20.6	18.5	1761
7729	18.06.2014	11	20.1	18.4	1761
7747	20.06.2014	11	23.3	18.5	1746
7748	20.06.2014	11	18.2	16.5	1746
7749	20.06.2014	11	22.8	18.1	1746
7750	20.06.2014	11	24.1	18.3	1746
7759	18.06.2014	11	8.9	13.4	1759
7761	21.06.2014	11	26.2	18.7	1769
7764	23.06.2014	11	24	18.8	1771
7765	23.06.2014	11	23.1	18.4	1771
7766	23.06.2014	11	20.6	16.9	1771
7767	23.06.2014	11	21.7	17.6	1749
7769	23.06.2014	11	9.5	12.8	1749
7771	23.06.2014	11	25.2	18.9	1758
7773	23.06.2014	11	24.5	18.9	1758
7777	24.06.2014	11		18.6	1772
7778	24.06.2014	11	23.5	18.1	1772
7779	24.06.2014	11	25.2	18	1772
7780	24.06.2014	11	23.6	18.7	1753
7781	24.06.2014	11	25.4	18.9	1753
7782	24.06.2014	11	25	18.3	1753
7783	24.06.2014	11	24.7	18.4	1753
7784	24.06.2014	11	23.5	17.7	1772
7785	24.06.2014	11	19.4	16	1772
7791	25.06.2014	11	21.2	19.2	1750
7792	25.06.2014	11	21.7	18.9	1750
7793	25.06.2014	11	23.2	19.4	1762
7795	25.06.2014	11	25.1	18.6	1762
7796	25.06.2014	11	24.1	18.6	1762
7797	25.06.2014	11	21.5	19	1754
7798	25.06.2014	11	18	17.6	1754
7799	25.06.2014	11	24.4	19.5	1754
7800	16.06.2014	11	21	18.2	1773
7801	16.06.2014	11	21.4	17.5	1773
7802	16.06.2014	11	21.8	17.5	1773
7810	26.06.2014	11	22.7	19.7	1755
7811	26.06.2014	11	23.5	20	1755
7812	26.06.2014	11	21.6	18.5	1757
7813	26.06.2014	11	15.6	16.6	1757
7814	26.06.2014	11	20.8	18	1757
7815	26.06.2014	11	20.2	18.4	1757
7816	26.06.2014	11	17.7	16.4	1757
7817	26.06.2014	11	23.3	18	1764
7818	26.06.2014	11	24	19.8	1764
7819	26.06.2014	11	22.4	18.2	1764
7820	26.06.2014	11	23.9	19	1755
7821	26.06.2014	11	24.8	18.4	1755
7823	27.06.2014	11	25.2	19.2	1756
7824	27.06.2014	11	23.8	18.1	1763
7826	27.06.2014	11	24.7	18.1	1763
7827	25.06.2014	11	19.5	17.5	1762
7829	28.06.2014	11	23.5	18.7	1765
7830	28.06.2014	11	23.2	18.7	1765
7831	28.06.2014	11	21.3	17.9	1765
7834	26.06.2014	11	15.6	16.8	1764
7836	29.06.2014	11	15.7	13.5	1766
7837	30.06.2014	11	21.5	18.1	1779
7838	30.06.2014	11	23.4	18.4	1779
7839	30.06.2014	11	20.4	18.2	1775
7840	30.06.2014	11	19.1	16.9	1775
7841	30.06.2014	11	19.1	16.7	1775
7842	30.06.2014	11	21	18.5	1774
7843	30.06.2014	11	23.5	18.9	1774
7844	30.06.2014	11	24.7	18.6	1774
7845	30.06.2014	11	16.9	16.8	1775
7848	30.06.2014	11	24.2	18.7	1777
7849	30.06.2014	11	17.2	17.8	1777
7851	30.06.2014	11	25.9	19.2	1777
7852	30.06.2014	11	21.1	18.1	1776
7853	30.06.2014	11	10.8	13.2	1776
7854	30.06.2014	11	20.6	18.3	1776
7855	30.06.2014	11	19.1	17.2	1776
7883	01.07.2014	11	22.1	18.2	1778
7885	01.07.2014	11	24.3	18.3	1778
7886	01.07.2014	11	21.7	17.8	1778
7887	01.07.2014	11	25.3	18.3	1783
7888	01.07.2014	11	22.3	19.2	1783
7889	01.07.2014	11	22.1	19.3	1783
7892	02.07.2014	11	22.6	17.4	1785
7893	02.07.2014	11	26.4	19.6	1785
7894	02.07.2014	11	22.1	17.6	1785
7896	02.07.2014	11	16.1	16.6	1782
7897	02.07.2014	11	20.8	18	1782
7898	02.07.2014	11	18.8	17.1	1782
7900	02.07.2014	11	25.1	19.2	1780
7901	02.07.2014	11	22	17.9	1780
7903	02.07.2014	11	24	19.3	1781
7904	02.07.2014	11	22.4	18.1	1781
7914	30.06.2014	11	20.4	16.7	1779
7917	03.07.2014	11	20.5	17.7	1784
7918	03.07.2014	11	21.9	17.4	1784
7919	03.07.2014	11	17.3	16.2	1787
7920	03.07.2014	11	14.8	14.6	1787
7921	03.07.2014	11	20.5	17.6	1787
7922	03.07.2014	11	24.3	18	1786
7924	03.07.2014	11	22.7	18.5	1786
7925	03.07.2014	11	21.6	18	1787
7935	05.07.2014	11	24.5	19.3	1788
7936	05.07.2014	11	20.1	18.3	1788
7937	05.07.2014	11	25	19.2	1816
7938	05.07.2014	11	19.4	17.7	1816
7942	06.07.2014	11	24.4	18.9	1790
7943	06.07.2014	11	24.3	18.5	1790
7944	06.07.2014	11	21.1	18.8	1790
7945	06.07.2014	11	20.2	17.8	1790
7946	03.07.2014	11	10.2	14.3	1784
7947	07.07.2014	11	25.3	19.2	1809
7948	07.07.2014	11	22.1	17.8	1809
7949	07.07.2014	11	25.4	19.5	1809
7950	07.07.2014	11	21.7	18.5	1795
7951	07.07.2014	11	22.8	19.1	1795
7952	07.07.2014	11	22.2	17.5	1795
7955	07.07.2014	11	23.2	17.8	1793
7956	07.07.2014	11	22.8	16.8	1817
7958	07.07.2014	11	24.3	18.1	1793
7959	07.07.2014	11	24.2	18.1	1793
7960	07.07.2014	11	25	18	1793
7965	08.07.2014	11	21	17.1	1796
7967	08.07.2014	11	22.6	17.3	1796
7969	08.07.2014	11	24.7	18.6	1792
7970	08.07.2014	11	23.5	18.3	1792
7972	08.07.2014	11	24	19	1792
7976	09.07.2014	11	22.4	17.5	1797
7977	09.07.2014	11	24.3	18.5	1797
7978	09.07.2014	11	22.9	17.8	1797
7979	09.07.2014	11	23	19.4	1801
7980	09.07.2014	11	25.4	19.2	1801
7982	09.07.2014	11	24.3	18.4	1801
7984	09.07.2014	11	24.3	18.4	1799
7985	09.07.2014	11	17.4	16.3	1799
7986	09.07.2014	11	21.7	17.5	1797
7987	10.07.2014	11	11.3	15.5	1800
7988	10.07.2014	11	16.7	17.4	1800
7989	10.07.2014	11	20.7	18.1	1800
7990	10.07.2014	11	23.7	17.3	1798
7991	10.07.2014	11	24.7	17.9	1798
7992	10.07.2014	11	23.3	18.3	1798
7993	10.07.2014	11	23.9	18.7	1802
7994	10.07.2014	11	19.8	16.8	1802
7995	10.07.2014	11	23.9	17.7	1802
7996	10.07.2014	11	20.6	18.2	1800
8001	11.07.2014	11	13.3	15.2	1803
8002	11.07.2014	11	15.6	14.8	1803
8003	11.07.2014	11	12	13.5	1803
8004	11.07.2014	11	19.8	16.4	1803
8006	12.07.2014	11	21.1	16.1	1804
8007	12.07.2014	11	24.7	18.5	1804
8010	13.07.2014	11	23.6	19.2	1807
8011	13.07.2014	11	22.2	18.2	1807
8012	13.07.2014	11	20.9	18.2	1807
8013	13.07.2014	11	19.9	17.6	1806
8014	13.07.2014	11	20.5	17.4	1806
8015	13.07.2014	11	21.3	17.5	1806
8016	13.07.2014	11	11.8	15.8	1806
8020	10.07.2014	11	16.9	16.6	1802
8022	14.07.2014	11	17.7	18.3	1808
8023	14.07.2014	11	23.2	18.3	1805
8035	18.07.2014	11	25.5	19.5	1811
8036	18.07.2014	11	23.9	18.4	1811
8037	17.07.2014	11	26.4	17.7	1812
8038	17.07.2014	11	23.5	18.1	1810
8044	17.07.2014	11	8	12.3	1812
8049	20.07.2014	11	21.7	16.5	1831
8050	20.07.2014	11	18.4	15.3	1831
8051	20.07.2014	11	23.3	17.4	1831
8053	20.07.2014	11	19.9	17.6	1819
8054	20.07.2014	11	25.4	18.2	1819
8055	20.07.2014	11	22.4	18.2	1819
8061	21.07.2014	11	22.5	18.3	1820
8062	21.07.2014	11	23.5	18.7	1820
8063	21.07.2014	11	23.6	18.1	1820
8064	21.07.2014	11	13.8	14.5	1820
8070	23.07.2014	11	24.2	19	1821
8072	23.07.2014	11	21.5	17.2	1821
8079	25.07.2014	11	23.7	17.8	1823
8081	24.07.2014	11	19.5	16.5	1850
8082	24.07.2014	11	22.2	18.4	1850
8083	26.07.2014	11	27.5	18.2	1825
8085	26.07.2014	11	24	18.5	1825
8086	26.07.2014	11	23.2	18.2	1825
8088	26.07.2014	11	20.9	17.4	1824
8089	26.07.2014	11	23	18.2	1824
8090	26.07.2014	11	25.2	18.8	1824
8097	27.07.2014	11	23.5	17.3	1833
8099	27.07.2014	11	24.5	18.5	1827
8100	27.07.2014	11	24.4	17.6	1827
8103	27.07.2014	11	27.5	17.9	1848
8111	27.07.2014	11	26	19.5	1830
8113	27.07.2014	11	28	18.2	1830
8115	28.07.2014	11	22.5	19	1829
8117	28.07.2014	11	23.9	19.1	1829
8119	28.07.2014	11	26	19	1829
8122	28.07.2014	11	21.7	18.1	1836
8123	28.07.2014	11	19.8	16.9	1836
8124	28.07.2014	11	21.1	18.3	1836
8126	29.07.2014	11	23.5	18.5	1837
8127	29.07.2014	11	22.5	19.3	1837
8128	29.07.2014	11	22.9	16.5	1835
8129	29.07.2014	11	23.3	18.2	1835
8130	29.07.2014	11	23.1	18.2	1837
8143	31.07.2014	11	25	18.7	1839
8144	31.07.2014	11	24.5	19.6	1839
8145	31.07.2014	11	23.5	18.8	1839
8146	31.07.2014	11	24.9	19.3	1841
8148	31.07.2014	11	25	19.3	1841
8149	31.07.2014	11	25.9	18.3	1841
8156	31.07.2014	11	29	18.8	1842
8157	31.07.2014	11	26.9	18.3	1842
8158	31.07.2014	11	28	18.3	1842
8163	01.08.2014	11	21.6	18.3	1846
8164	01.08.2014	11	21.4	18.2	1846
8168	02.08.2014	11	22.9	18.9	1840
8169	02.08.2014	11	24.2	18.3	1838
8171	02.08.2014	11	24.3	18.2	1838
8175	03.08.2014	11	24.9	18.7	1847
8176	03.08.2014	11	24.7	17.8	1847
8177	03.08.2014	11	26.3	18.9	1847
8180	03.08.2014	11	21.7	18.8	1853
8200	05.08.2014	11	21.5	18.3	1857
8201	05.08.2014	11	22.3	18.1	1857
8202	05.08.2014	11	18	16.7	1855
8203	05.08.2014	11	24.5	18.1	1855
8204	05.08.2014	11	24	17.8	1857
8206	05.08.2014	11	20.7	18.2	1855
8207	06.08.2014	11	20.6	18.5	1856
8208	06.08.2014	11	20.3	18.3	1856
8209	06.08.2014	11	20.1	18.3	1856
8211	06.08.2014	11	26.2	18.6	1860
8212	06.08.2014	11	22.5	18.3	1860
8213	06.08.2014	11	23.1	19.2	1856
8214	08.08.2014	11	23.4	19.3	1859
8239	12.08.2014	11	23.8	16.8	1864
8277	16.08.2014	11	27	19.3	1874
8280	17.08.2014	11	25.4	18.8	1875
8281	17.08.2014	11	25.4	20	1875
8309	06.05.2015	11	9.9	12.6	1880
8310	06.05.2015	11	20.6	16.6	1880
8312	06.05.2015	11	13.1	14.4	1881
8313	06.05.2015	11	16.8	16.3	1881
8338	18.05.2015	11	14.8	13.5	1885
8339	18.05.2015	11	23.6	16.4	1885
8340	18.05.2015	11	16.8	15.4	1885
8341	18.05.2015	11	20.2	18.4	1883
8342	18.05.2015	11	19.6	17.4	1883
8343	18.05.2015	11	24.5	18.8	1883
8344	18.05.2015	11	14.5	14.5	1885
8346	20.05.2015	11	16.6	16.4	1887
8348	20.05.2015	11	17.4	17.3	1887
8351	22.05.2015	11	15.7	16.2	1889
8353	22.05.2015	11	18.5	16.3	1889
8354	22.05.2015	11	18.1	16.3	1889
8361	26.05.2015	11	18.9	15.6	1896
8362	26.05.2015	11	19.1	15	1896
8363	26.05.2015	11	19.6	15.2	1896
8365	26.05.2015	11	23.4	19.2	1897
8367	26.05.2015	11	21.5	18.2	1897
8368	27.05.2015	11	8.3	12.5	1894
8369	27.05.2015	11	22.7	18.4	1894
8370	27.05.2015	11	22.7	17.6	1893
8371	27.05.2015	11	20.7	17.8	1893
8372	27.05.2015	11	22.4	18	1893
8382	27.05.2015	11	15.5	15	1894
8390	02.06.2015	11	21.7	18.4	1902
8391	02.06.2015	11	22.6	18.9	1902
8398	04.06.2015	11	24.6	18.4	1906
8400	04.06.2015	11	20.9	18.4	1906
8408	05.06.2015	11	16.6	16	1908
8409	05.06.2015	11	13.6	15.9	1908
8411	05.06.2015	11	6.8	12.5	1908
8412	05.06.2015	11	14.8	16.7	1909
8413	05.06.2015	11	19.4	17.4	1909
8414	05.06.2015	11	22.1	18.2	1909
8415	05.06.2015	11	18.6	18.2	1909
8424	09.06.2015	11	17.1	17.2	1913
8425	09.06.2015	11	12.5	15.3	1913
8427	09.06.2015	11	17.5	16.4	1913
8428	11.06.2015	11	14.8	16.1	1914
8430	11.06.2015	11	21.6	17.4	1914
8434	11.06.2015	11	23.7	19.6	1916
8436	11.06.2015	11	19.5	16.6	1919
8437	11.06.2015	11	11.5	13.2	1919
8444	13.06.2015	11	20.7	16.1	1918
8446	13.06.2015	11	9.8	13.4	1918
8460	16.06.2015	11	26.7	20.3	1921
8461	16.06.2015	11	27.3	20.4	1921
8463	16.06.2015	11	20.5	17.9	1923
8464	16.06.2015	11	19.3	17	1923
8465	16.06.2015	11	18.5	17.6	1923
8467	17.06.2015	11	23.2	19.5	1924
8468	17.06.2015	11	22.4	18.4	1924
8470	18.06.2015	11	19.1	18.1	1922
8471	18.06.2015	11	17.7	17.3	1922
8472	18.06.2015	11	19.4	17.3	1922
8473	18.06.2015	11	9.9	14.7	1922
8474	18.06.2015	11	20.5	16.5	1922
8477	19.06.2015	11	22.1	17.2	1927
8478	19.06.2015	11	24.7	18.2	1927
8479	19.06.2015	11	23.1	19.1	1927
8480	19.06.2015	11	21.4	18.2	1926
8481	19.06.2015	11	21.6	19.4	1926
8482	19.06.2015	11	20.5	18.6	1926
8483	19.06.2015	11	11.7	15.5	1927
8486	20.06.2015	11	21.2	17.9	1928
8487	20.06.2015	11	13	14.6	1928
8488	20.06.2015	11	20.6	18.4	1928
8489	20.06.2015	11	17.6	16.5	1928
8490	20.06.2015	11	15.7	16.4	1928
8492	21.06.2015	11	19.9	18.6	1929
8493	21.06.2015	11	21	17.7	1929
8494	21.06.2015	11	21.4	19.8	1929
8496	22.06.2015	11	20.7	18.4	1935
8497	22.06.2015	11	21.7	18.4	1935
8498	22.06.2015	11	25.1	19.5	1934
8499	22.06.2015	11	23.1	19.7	1934
8500	22.06.2015	11	19.9	16.3	1934
8501	22.06.2015	11	21	17.5	1934
8502	22.06.2015	11	26.2	19.2	1931
8503	22.06.2015	11	26.4	18.4	1931
8504	22.06.2015	11	25.4	20	1930
8505	22.06.2015	11	26.9	18.8	1930
8507	22.06.2015	11	22.7	17.8	1931
8509	22.06.2015	11	25.1	19.6	1933
8510	22.06.2015	11	25.6	18.4	1933
8511	22.06.2015	11	25.9	18.7	1932
8512	22.06.2015	11	24.8	19.6	1932
8513	22.06.2015	11	22.2	18.4	1932
8514	22.06.2015	11	22.1	18.7	1933
8515	24.06.2015	11	26.2	18.8	1936
8516	24.06.2015	11	23.8	18.5	1936
8525	29.06.2015	11	22.3	17.4	1939
8527	29.06.2015	11	19.7	17.4	1939
8528	29.06.2015	11	21.7	18.3	1939
8529	29.06.2015	11	20.7	17.8	1939
8530	30.06.2015	11	23.4	19.1	1940
8531	30.06.2015	11	22.2	19	1940
8534	30.06.2015	11	21.9	18.2	1940
8538	03.07.2015	11	20.2	16.7	1941
8539	03.07.2015	11	7.8	12.8	1941
8540	03.07.2015	11	19.5	18	1941
8541	03.07.2015	11	21.4	17.9	1941
8548	04.07.2015	11	13.8	16.2	1944
8550	04.07.2015	11	19.1	17.6	1943
8551	04.07.2015	11	15.9	16.8	1943
8552	04.07.2015	11	19.8	18.5	1943
8554	05.07.2015	11	10.3	15	1945
8555	05.07.2015	11	13.6	15.6	1945
8556	05.07.2015	11	18.9	16.4	1945
8557	06.07.2015	11	19.1	17.9	1946
8558	06.07.2015	11	9.5	13.5	1946
8559	06.07.2015	11	21	17.7	1946
8560	06.07.2015	11	20	17.8	1946
8561	07.07.2015	11	23.3	18.3	1947
8562	08.07.2015	11	19.5	18.4	1949
8564	08.07.2015	11	21.4	18.4	1949
8567	09.07.2015	11	24.8	19.5	1950
8568	09.07.2015	11	21.8	19	1950
8569	09.07.2015	11	23.6	19.1	1950
8572	09.07.2015	11	19.7	18	1948
8573	09.07.2015	11	20.9	18.8	1948
8574	09.07.2015	11	22.7	18.9	1948
8589	14.07.2015	11	22.9	19.8	1954
8590	14.07.2015	11	24.2	18.4	1954
8591	14.07.2015	11	25.5	18.3	1954
8593	14.07.2015	11	25.3	19.4	1951
8595	14.07.2015	11	24.4	19.3	1951
8596	14.07.2015	11	22.5	18	1953
8597	14.07.2015	11	15.6	15.3	1953
8598	14.07.2015	11	14	15.7	1953
8599	14.07.2015	11	21.7	16.7	1953
8601	15.07.2015	11	22.8	17.5	1955
8602	15.07.2015	11	19.9	18.3	1955
8603	15.07.2015	11	21	18	1955
8604	15.07.2015	11	19.8	18.7	1956
8605	15.07.2015	11	24.8	19.4	1956
8606	15.07.2015	11	21.4	17.8	1956
8607	15.07.2015	11	24.8	18.8	1956
8608	15.07.2015	11	25.8	19.4	1956
8617	17.07.2015	11	18.5	16.7	1957
8618	17.07.2015	11	19.2	16.7	1957
8619	17.07.2015	11	17.3	16.4	1957
8623	17.07.2015	11	20.2	17.8	1959
8624	17.07.2015	11	17.7	16.7	1959
8625	17.07.2015	11	19.8	17.3	1957
8628	19.07.2015	11	23.5	19.7	1960
8629	19.07.2015	11	18.7	17.4	1960
8630	19.07.2015	11	24	18.9	1960
8631	19.07.2015	11	15.1	16.2	1960
8634	21.07.2015	11	16.4	17.1	1961
8635	21.07.2015	11	22.2	18.7	1961
8637	23.07.2015	11	22.7	18.1	1962
8639	23.07.2015	11	23.2	17.8	1962
8641	23.07.2015	11	18.5	15.8	1962
8648	25.07.2015	11	23.9	18.6	1964
8649	25.07.2015	11	17.3	16.6	1964
8650	25.07.2015	11	21.4	18.5	1964
8651	26.07.2015	11	24.9	17.6	1963
8652	26.07.2015	11	25.8	18.4	1963
8653	27.07.2015	11	21.4	17.4	1966
8654	27.07.2015	11	24.1	18.8	1966
8656	27.07.2015	11	25.6	19.5	1965
8657	27.07.2015	11	24	18.7	1965
8658	27.07.2015	11	15.5	16.1	1965
8661	28.07.2015	11	24.9	20	1969
8662	28.07.2015	11	21.4	18.4	1969
8663	28.07.2015	11	22.4	18.5	1969
8666	28.07.2015	11	19.3	18.9	1967
8667	28.07.2015	11	23.5	19.6	1967
8669	28.07.2015	11	20.4	19	1967
8672	30.07.2015	11	15.9	16.6	1968
8673	30.07.2015	11	15.5	16.9	1968
8681	03.08.2015	11	24.1	19	1973
8682	03.08.2015	11	22.6	18.2	1973
8683	03.08.2015	11	17.3	16.9	1973
8684	03.08.2015	11	21.4	18.1	1973
8686	06.08.2015	11	18.5	16.5	1974
8687	06.08.2015	11	24.1	18.4	1974
8688	06.08.2015	11	12.9	14.6	1974
8693	09.08.2015	11	21.5	17.3	1979
8695	09.08.2015	11	23.4	19.6	1979
8702	10.08.2015	11	20.8	16.6	1977
8708	12.08.2015	11	20.9	18.5	1980
8709	12.08.2015	11	22.5	18.3	1980