"DVDRef"
36
39
45
69
71
79
84
89
90
103
105
113
114
115
119
122
126
141
157
175
186
188
194
205
208
210
211
213
220
225
228
231
233
237
239
246
250
260
265
270
277
278
290
297
303
308
319
321
329
330
338
344
345
346
348
358
359
360
361
362
363
367
369
375
379
381
382
391
394
413
433
440
447
449
451
453
456
459
462
465
471
476
478
481
492
495
515
528
534
536
538
542
543
545
546
548
550
551
552
557
579
694
696
702
703
704
705
706
712
715
716
717
719
721
722
723
724
725
726
733
735
736
738
740
741
745
746
747
748
749
750
755
756
757
758
764
765
767
769
779
792
798
799
803
812
813
815
817
845
921
933
934
936
937
938
951
959
973
985
1019
1036
1040
1051
1056
1072
1076
1077
1093
1112
1115
1127
1128
1136
1146
1147
1155
1183
1185
1186
1187
1195
1211
1223
1224
1264
1267
1270
1299
1326
1353
1356
1364
1397
1401
1415
1416
1418
1425
1426
1434
1440
1442
1447
1450
1454
1459
1464
1469
1472
1474
1475
1477
1482
1494
1495
1497
1498
1499
1500
1501
1503
1504
1506
1533
1564
1565
1567
1569
1571
1575
1576
1585
1586
1588
1589
1603
1611
1624
1627
1634
1635
1639
1647
1649
1650
1653
1657
1661
1675
1677
1686
1693
1694
1703
1710
1727
1729
1735
1742
1747
1758
1779
1784
1805
1822
1829
1830
1834
1842
1843
1845
1848
1866
1868
1871
1872
1880
1887
1892
1896
1906
1921
1928
1946
1969
1973
2002
2004
2012
2106
2107
2113
2114
2119
2122
2128
2134
2140
2167
2185
2230
2240
2288
2310
2313
2316
2317
2318
2330
2346
2354
2393
2402
2409
2450
2457
2461
2467
2475
2480
2489
2490
2494
2495
2504
2507
2509
2510
2521
2522
2523
2524
2529
2534
2536
2537
2540
2586
2602
2612
2617
2625
2642
2681
2690
2697
2705
2706
2707
2710
2713
2717
2730
2733
2734
2738
2739
2753
2763
2773
2775
2779
2786
2790
2797
2803
2818
2824
2827
2834
2852
2865
2870
2894
2899
2914
2918
2921
2928
2940
2950
2988
2990
2993
2994
2995
2996
2997
2998
3003
3004
3009
3010
3021
3029
3033
3039
3049
3063
3065
3079
3082
3100
3102
3106
3132
3134
3136
3143
3144
3145
3152
3183
3193
3195
3196
3204
3214
3231
3232
3235
3243
3255
3259
3274
3287
3292
3293
3304
3307
3311
3325
3355
3356
3358
3359
3360
3362
3364
3444
3446
3447
3448
3449
3452
3454
3455
3456
3457
3458
3462
3463
3467
3478
3479
3483
3487
3491
3493
3496
3502
3531
3534
3540
3571
3574
3575
3578
3589
3599
3604
3606
3610
3612
3616
3618
3627
3631
3642
3644
3661
3663
3693
3726
3730
3740
3745
3754
3787
3821
3823
3832
3863
3883
3890
3891
3895
3902
3905
3913
3919
3921
3923
3925
3932
3939
3942
3944
3949
3959
3967
3974
3987
3989
4001
4005
4010
4013
4037
4045
4046
4089
4090
4093
4096
4113
4119
4129
4142
4143
4153
4162
4168
4192
4200
4206
4220
4225
4227
4231
4236
4244
4256
4259
4262
4290
4294
4344
4347
4352
4355
4371
4401
4402
4416
4443
4451
4464
4483
4489
4491
4495
4496
4505
4507
4515
4520
4524
4544
4549
4555
4556
4564
4575
4582
4584
4590
4592
4628
4631
4656
4676
4689
4696
4699
4712
4726
4727
4729
4735
4736
4740
4742
4743
4745
4752
4759
4760
4762
4764
4778
4780
4781
4786
4787
4794
4795
4805
4806
4823
4836
4842
4862
4866
4867
4880
4890
4897
4898
4915
4916
4924
4926
4927
4943
4951
4956
4968
4972
4973
4974
4976
4978
4983
5019
5023
5026
5039
5062
5066
5075
